0.724 
0.593 
0.623 
0.620 
0.460 
0.553 
0.397 
0.348 
0.423 
0.327 
0.497 
0.277 
0.675 
0.494 
0.340 
0.501 
0.381 
0.781 
0.480 
0.266 
0.782 
0.759 
0.623 
0.570 
0.652 
0.568 
0.192 
0.198 
0.068 
0.599 
0.740 
0.085 
0.623 
0.647 
0.332 
0.523 
0.623 
0.522 
0.332 
0.289 
0.249 
0.720 
0.639 
0.379 
0.683 
0.440 
0.338 
0.404 
0.368 
0.660 
0.743 
0.708 
0.678 
1.936 
2.059 
2.834 
7.613 
3.258 
1.281 
6.693 
1.455 
0.535 
0.600 
0.533 
0.623 
0.719 
0.233 
0.178 
0.474 
0.685 
0.444 
0.528 
0.550 
0.723 
2.955 
0.338 
0.467 
0.528 
4.669 
0.506 
0.374 
0.422 
0.786 
0.603 
7.579 
0.373 
0.290 
0.681 
0.553 
0.600 
0.254 
0.619 
0.355 
0.471 
0.625 
0.300 
0.663 
0.596 
0.246 
0.661 
0.436 
0.643 
0.335 
0.439 
0.079 
0.525 
0.661 
0.376 
0.663 
0.086 
0.547 
0.720 
0.574 
0.240 
0.640 
0.330 
0.173 
0.286 
0.436 
0.571 
0.191 
0.238 
0.573 
0.055 
0.323 
0.439 
2.712 
1.465 
0.576 
0.922 
0.887 
0.589 
0.551 
0.550 
0.624 
0.498 
0.296 
0.525 
0.573 
0.679 
0.168 
0.680 
0.289 
0.583 
0.573 
0.700 
0.665 
0.550 
0.647 
3.439 
0.603 
0.603 
0.525 
0.355 
0.531 
0.256 
0.613 
0.262 
0.707 
0.627 
0.600 
0.340 
0.438 
0.500 
0.725 
0.245 
0.578 
0.375 
0.622 
0.574 
0.235 
0.685 
0.287 
0.405 
0.167 
0.379 
0.292 
0.547 
0.522 
0.665 
0.665 
0.673 
0.642 
0.618 
0.617 
0.306 
0.619 
0.594 
0.496 
0.522 
0.550 
0.639 
0.369 
0.374 
0.646 
0.190 
0.620 
0.469 
0.620 
0.192 
0.442 
0.665 
0.409 
0.659 
0.241 
0.092 
0.293 
0.420 
0.640 
0.552 
0.676 
0.773 
0.714 
0.588 
0.438 
0.596 
0.437 
0.664 
0.664 
0.578 
0.515 
0.973 
0.653 
0.699 
1.272 
0.982 
0.562 
0.647 
0.684 
0.476 
0.350 
0.665 
0.599 
0.552 
0.534 
0.666 
0.666 
0.474 
0.366 
0.489 
0.608 
0.377 
0.333 
0.068 
0.850 
0.576 
0.603 
0.669 
1.430 
2.612 
0.447 
0.577 
0.699 
0.637 
0.349 
0.394 
0.191 
0.309 
0.176 
0.350 
0.546 
0.572 
0.268 
0.199 
0.378 
0.622 
0.621 
0.552 
7.764 
0.484 
0.743 
1.268 
0.749 
2.983 
9.128 
0.627 
0.187 
17.950 
11.715 
0.605 
0.548 
0.431 
0.392 
0.692 
0.423 
0.307 
0.386 
0.745 
0.513 
0.251 
0.665 
0.617 
12.610 
0.255 
0.619 
0.707 
4.784 
0.642 
0.731 
0.443 
0.523 
0.474 
0.374 
0.594 
0.410 
0.550 
0.410 
0.175 
0.699 
0.540 
0.298 
0.418 
0.296 
0.516 
0.621 
0.187 
0.572 
0.600 
0.499 
0.172 
0.648 
0.758 
0.541 
0.374 
0.719 
0.659 
0.724 
0.704 
0.289 
0.494 
0.577 
0.622 
0.551 
0.372 
0.616 
0.038 
0.423 
0.340 
0.457 
0.426 
0.622 
0.185 
0.458 
0.172 
0.369 
0.444 
0.523 
0.174 
0.330 
0.333 
0.497 
0.639 
0.409 
0.442 
0.663 
0.506 
0.659 
0.531 
0.410 
0.407 
0.289 
0.057 
0.471 
0.548 
0.684 
0.339 
0.174 
0.680 
0.331 
0.299 
0.029 
0.441 
0.441 
0.503 
0.246 
0.617 
0.506 
0.500 
0.597 
0.645 
0.502 
0.720 
0.559 
0.062 
0.600 
0.529 
0.719 
0.685 
0.449 
1.816 
8.786 
9.500 
3.264 
3.846 
0.324 
0.595 
0.522 
0.575 
0.521 
0.619 
0.409 
0.553 
0.641 
0.168 
0.607 
0.502 
0.725 
0.203 
0.416 
0.445 
9.988 
2.591 
1.051 
9.017 
0.253 
5.929 
0.626 
0.682 
0.596 
0.207 
0.339 
0.438 
0.408 
0.379 
0.516 
0.467 
0.066 
