3.393 
0.128 
0.171 
0.266 
0.063 
0.271 
0.184 
0.221 
2.374 
0.654 
0.131 
1.549 
0.344 
2.316 
21.361 
0.765 
0.349 
0.769 
0.093 
2.778 
2.241 
2.767 
0.215 
0.155 
0.508 
0.794 
2.176 
0.091 
0.259 
0.225 
0.068 
2.075 
0.229 
0.250 
1.635 
4.162 
0.245 
0.216 
0.573 
3.768 
0.423 
0.232 
0.643 
0.231 
0.149 
0.167 
0.160 
0.305 
0.139 
1.174 
0.408 
0.162 
0.262 
0.514 
0.639 
0.273 
0.902 
11.367 
10.767 
1.422 
1.600 
0.401 
1.335 
0.220 
0.215 
1.760 
0.286 
0.171 
2.072 
0.159 
0.140 
0.684 
1.347 
0.426 
0.408 
0.360 
0.233 
0.235 
1.637 
3.758 
2.420 
4.971 
30.879 
24.902 
16.494 
1.172 
1.307 
0.520 
0.160 
1.371 
0.276 
2.308 
0.203 
0.181 
0.997 
1.359 
0.206 
0.143 
0.089 
0.273 
0.161 
0.680 
0.276 
0.898 
12.334 
0.674 
2.813 
1.190 
2.458 
0.976 
2.608 
6.012 
3.704 
2.364 
0.163 
1.200 
0.097 
1.589 
0.291 
0.202 
4.821 
0.155 
0.324 
0.155 
0.230 
1.646 
3.475 
10.950 
20.218 
0.822 
4.691 
9.667 
34.645 
5.760 
0.655 
3.425 
1.658 
0.254 
0.256 
0.166 
0.164 
0.229 
3.526 
2.284 
1.219 
0.125 
0.228 
0.130 
0.144 
0.259 
6.037 
2.448 
0.703 
17.156 
1.917 
2.437 
0.772 
10.567 
0.248 
0.964 
0.364 
0.909 
0.343 
0.230 
0.295 
0.249 
0.231 
0.158 
0.143 
0.317 
0.806 
3.526 
0.150 
0.785 
0.223 
0.345 
0.230 
1.039 
4.800 
9.868 
0.462 
1.949 
0.372 
0.230 
1.013 
0.775 
0.207 
0.273 
0.180 
0.219 
0.190 
0.452 
0.252 
0.368 
0.258 
0.259 
0.130 
12.073 
0.186 
0.221 
0.919 
0.760 
0.742 
3.048 
2.314 
17.133 
1.794 
0.782 
0.284 
7.380 
0.165 
0.259 
0.112 
0.172 
0.189 
0.205 
0.218 
0.171 
0.170 
0.217 
0.191 
0.731 
3.222 
6.942 
3.203 
10.206 
1.107 
4.268 
20.264 
6.130 
0.304 
10.337 
0.372 
0.157 
0.127 
0.968 
0.145 
1.234 
0.235 
0.066 
0.160 
0.186 
0.270 
0.967 
0.443 
5.604 
11.955 
0.779 
9.364 
2.970 
6.395 
1.699 
9.435 
1.089 
4.968 
3.366 
2.063 
1.494 
0.397 
0.152 
1.748 
2.309 
1.464 
0.502 
0.151 
0.634 
0.774 
3.309 
0.320 
0.683 
1.314 
2.342 
3.882 
9.652 
7.414 
0.231 
0.262 
0.716 
0.402 
1.503 
1.622 
0.424 
0.270 
0.296 
4.437 
0.192 
0.205 
0.241 
2.682 
0.201 
0.251 
8.837 
0.210 
11.219 
2.581 
1.012 
2.839 
0.419 
3.833 
0.916 
25.346 
6.014 
0.989 
1.873 
0.211 
0.360 
0.233 
0.164 
0.131 
0.090 
0.287 
0.224 
0.101 
0.160 
2.470 
0.576 
1.683 
1.138 
0.320 
11.184 
1.670 
3.452 
1.984 
8.066 
2.601 
4.457 
0.155 
1.035 
0.197 
0.089 
0.338 
34.235 
0.917 
0.217 
0.190 
24.645 
0.091 
0.146 
1.153 
0.150 
25.330 
22.931 
0.217 
14.019 
0.215 
1.880 
10.009 
1.874 
0.607 
10.768 
0.238 
1.736 
0.132 
0.453 
0.685 
1.514 
0.200 
0.179 
0.219 
0.177 
0.198 
0.239 
0.204 
0.182 
1.816 
0.750 
9.342 
2.391 
0.229 
0.829 
2.070 
0.456 
0.883 
0.661 
0.891 
1.553 
1.675 
1.756 
0.698 
0.187 
0.300 
2.184 
1.133 
0.198 
0.056 
0.079 
1.070 
0.132 
0.073 
0.604 
20.172 
3.868 
3.963 
1.297 
11.570 
0.972 
1.434 
0.235 
0.339 
0.186 
0.716 
0.222 
0.294 
1.640 
0.208 
0.488 
0.096 
1.561 
0.315 
0.228 
0.121 
1.308 
2.355 
0.501 
26.848 
4.714 
16.269 
4.955 
1.732 
1.482 
1.142 
1.020 
0.287 
0.135 
0.184 
0.123 
