0.786 
0.885 
3.145 
1.663 
0.726 
0.511 
0.476 
0.425 
0.062 
0.989 
2.294 
0.468 
0.814 
0.514 
0.161 
0.476 
0.414 
0.529 
0.458 
0.529 
0.499 
0.331 
0.395 
0.280 
0.218 
0.844 
2.193 
0.417 
2.654 
0.279 
0.530 
0.494 
0.515 
0.355 
0.498 
0.725 
2.156 
0.620 
0.055 
1.166 
0.216 
0.434 
0.253 
0.516 
0.507 
0.433 
0.418 
0.451 
0.523 
0.514 
0.122 
0.260 
0.531 
0.487 
0.181 
0.286 
0.311 
1.235 
2.599 
0.433 
0.500 
1.400 
0.451 
0.432 
1.501 
0.353 
0.043 
0.482 
0.417 
0.309 
0.338 
0.429 
0.213 
0.377 
0.476 
0.244 
0.571 
0.201 
1.264 
0.496 
0.555 
0.484 
1.404 
0.180 
1.542 
0.496 
1.491 
0.718 
0.687 
0.501 
0.414 
0.450 
0.283 
0.473 
0.236 
0.500 
2.044 
0.358 
0.453 
0.530 
0.414 
0.219 
0.503 
0.487 
0.362 
0.128 
0.400 
0.523 
0.516 
0.459 
0.359 
0.483 
0.247 
0.279 
0.179 
0.213 
0.389 
1.194 
0.188 
0.410 
0.046 
0.403 
0.966 
0.186 
0.332 
0.669 
0.435 
0.211 
0.443 
0.482 
0.494 
0.216 
1.280 
0.387 
1.138 
0.250 
0.288 
0.305 
1.748 
2.044 
0.709 
0.452 
0.357 
1.104 
0.632 
0.626 
0.570 
1.049 
0.842 
1.134 
2.012 
1.013 
1.230 
0.714 
1.541 
4.449 
3.759 
1.652 
0.967 
0.524 
1.671 
0.305 
0.311 
0.482 
0.331 
1.597 
0.126 
1.010 
0.352 
0.413 
0.651 
0.431 
0.354 
1.877 
1.523 
1.514 
1.689 
1.334 
0.517 
1.172 
0.432 
0.552 
0.824 
0.488 
0.419 
0.250 
1.113 
0.842 
3.945 
1.117 
1.650 
5.138 
3.967 
1.224 
1.836 
0.618 
3.631 
0.259 
2.276 
0.739 
1.421 
1.448 
0.595 
0.847 
0.195 
0.419 
0.821 
0.729 
0.636 
0.036 
0.543 
0.552 
0.353 
0.795 
1.245 
0.553 
1.948 
0.642 
0.743 
0.775 
0.576 
0.670 
0.473 
0.731 
2.127 
0.485 
0.493 
0.624 
0.514 
0.360 
1.401 
0.533 
2.700 
0.181 
0.574 
0.441 
0.666 
1.019 
1.540 
1.728 
2.760 
0.355 
1.421 
1.644 
0.250 
0.268 
0.502 
0.361 
1.509 
1.362 
0.515 
0.975 
1.215 
0.515 
0.392 
0.441 
1.442 
2.475 
0.706 
0.314 
0.629 
0.927 
0.433 
0.975 
1.523 
0.602 
0.346 
0.735 
1.659 
0.432 
0.752 
0.645 
1.238 
1.236 
1.786 
0.513 
2.311 
1.793 
0.559 
0.423 
0.250 
1.569 
0.647 
0.513 
0.388 
0.981 
0.448 
0.978 
0.679 
0.302 
0.634 
0.570 
0.948 
0.427 
2.474 
0.832 
3.629 
1.954 
0.850 
0.869 
2.195 
0.559 
1.343 
1.312 
0.374 
0.671 
1.477 
2.655 
1.806 
1.410 
3.340 
2.101 
1.466 
2.978 
1.062 
1.570 
1.472 
0.620 
0.532 
0.290 
0.467 
0.257 
0.536 
0.603 
0.550 
0.178 
0.179 
0.218 
0.375 
0.489 
0.403 
0.286 
0.521 
1.628 
0.287 
1.638 
0.511 
0.232 
1.692 
1.181 
