45.892 
1.056 
7.878 
2.144 
5.397 
5.811 
7.572 
10.578 
8.985 
10.427 
3.259 
7.977 
3.729 
5.514 
6.362 
2.623 
116.640 
114.540 
35.857 
101.651 
52.496 
116.635 
55.184 
77.711 
5.514 
0.327 
6.287 
2.665 
4.115 
3.691 
4.732 
11.822 
7.418 
0.914 
5.690 
5.220 
6.027 
5.150 
5.847 
19.883 
28.489 
62.826 
30.876 
51.778 
54.599 
46.631 
53.100 
181.602 
22.577 
7.762 
4.890 
0.503 
2.962 
3.792 
8.454 
3.619 
3.111 
3.309 
2.464 
4.062 
9.401 
2.845 
7.915 
45.550 
219.535 
102.705 
76.499 
128.682 
81.561 
24.581 
131.180 
139.461 
193.712 
1.251 
1.695 
110.672 
4.700 
4.506 
5.966 
4.018 
5.469 
10.037 
6.615 
2.823 
1.768 
4.481 
4.726 
265.441 
119.594 
161.350 
222.806 
99.894 
164.922 
55.847 
156.130 
2.085 
4.121 
2.585 
1.674 
4.701 
4.775 
0.841 
7.847 
8.633 
5.292 
44.114 
2.757 
7.893 
4.310 
3.885 
3.731 
95.510 
94.479 
316.994 
174.829 
57.583 
89.037 
116.478 
103.888 
63.249 
19.625 
7.851 
5.636 
6.729 
4.352 
4.952 
6.498 
4.109 
1.264 
4.449 
1.196 
1.797 
10.638 
9.187 
6.154 
97.392 
104.791 
164.700 
77.767 
290.320 
133.660 
148.544 
84.812 
0.630 
2.906 
4.991 
4.867 
0.916 
11.907 
3.263 
1.891 
6.032 
7.206 
4.891 
5.669 
3.493 
4.706 
5.235 
9.328 
237.334 
55.613 
36.525 
42.503 
62.556 
318.318 
79.493 
95.058 
199.879 
142.559 
25.576 
10.420 
3.987 
13.750 
12.608 
2.161 
16.865 
2.977 
1.108 
5.296 
1.616 
11.791 
5.915 
54.211 
87.306 
63.025 
85.532 
5.812 
95.795 
98.021 
132.413 
79.739 
0.732 
5.758 
7.412 
4.347 
0.703 
5.588 
4.014 
4.055 
7.542 
6.078 
4.740 
5.703 
13.743 
3.797 
5.209 
59.914 
100.379 
46.568 
67.519 
80.172 
197.177 
138.879 
88.949 
57.860 
81.630 
75.451 
7.172 
9.219 
3.820 
5.925 
6.556 
4.334 
2.807 
4.134 
8.216 
3.866 
4.880 
3.416 
4.925 
217.681 
140.729 
45.785 
182.642 
315.402 
69.009 
113.293 
61.593 
143.586 
28.501 
34.714 
93.566 
70.784 
86.450 
122.038 
8.880 
6.649 
3.483 
9.896 
3.093 
4.756 
4.374 
5.248 
7.262 
159.304 
58.169 
59.202 
30.800 
130.741 
64.045 
169.608 
62.636 
84.749 
83.534 
131.853 
47.960 
12.925 
147.702 
44.598 
5.163 
3.165 
5.937 
8.427 
5.688 
3.804 
5.517 
7.090 
39.516 
212.376 
538.133 
143.400 
152.209 
56.393 
126.603 
94.643 
78.112 
4.965 
5.384 
7.185 
6.535 
4.228 
3.689 
5.179 
4.465 
4.660 
4.233 
4.786 
4.153 
6.477 
8.566 
5.424 
78.356 
94.796 
44.022 
65.811 
102.590 
140.615 
96.949 
11.788 
134.413 
4.714 
3.736 
4.134 
4.772 
3.648 
4.651 
5.671 
13.118 
7.479 
2.994 
4.640 
12.536 
5.732 
4.900 
273.378 
52.245 
29.152 
12.631 
32.740 
124.167 
53.470 
49.347 
40.585 
42.750 
5.718 
6.222 
21.597 
5.543 
4.842 
5.627 
9.446 
4.276 
3.943 
3.780 
3.922 
3.897 
3.442 
4.754 
139.088 
77.543 
53.286 
500.925 
84.725 
49.543 
137.487 
31.821 
78.835 
4.269 
3.674 
5.891 
5.707 
3.821 
3.651 
3.595 
4.586 
4.514 
4.509 
4.129 
5.361 
5.217 
9.074 
40.418 
220.256 
263.452 
40.529 
170.039 
24.117 
79.295 
63.137 
86.109 
3.750 
3.088 
4.873 
4.605 
4.940 
3.258 
4.958 
5.306 
4.843 
6.157 
7.198 
7.437 
4.852 
3.792 
5.884 
65.041 
47.409 
63.848 
23.138 
47.002 
26.897 
38.608 
26.666 
75.392 
76.572 
15.027 
77.745 
5.022 
10.158 
2.843 
4.491 
25.155 
5.662 
6.340 
4.541 
3.483 
11.459 
5.182 
4.515 
152.665 
17.526 
29.184 
54.883 
8.627 
