0.276 
0.206 
0.162 
0.308 
0.340 
0.234 
0.343 
0.284 
0.322 
0.329 
0.076 
0.228 
0.304 
0.134 
0.304 
0.248 
0.289 
0.181 
0.304 
11.958 
0.617 
0.223 
0.294 
0.237 
0.235 
0.237 
0.185 
0.287 
0.295 
0.226 
0.507 
0.396 
0.325 
0.341 
0.323 
0.353 
1.217 
0.881 
1.598 
0.263 
0.215 
0.224 
0.330 
0.447 
0.318 
0.468 
0.382 
0.154 
0.253 
0.164 
0.232 
0.154 
0.082 
0.279 
0.258 
0.184 
1.195 
0.269 
0.324 
0.447 
1.822 
0.189 
0.126 
0.075 
0.289 
0.372 
0.419 
0.412 
0.474 
0.739 
0.141 
0.221 
0.345 
2.727 
0.179 
0.326 
0.243 
0.346 
0.540 
0.926 
1.379 
0.728 
0.333 
1.661 
2.471 
0.281 
0.235 
0.772 
0.224 
0.305 
0.200 
0.219 
1.146 
0.144 
0.311 
0.147 
2.600 
0.275 
0.167 
0.136 
0.303 
0.244 
0.349 
0.198 
0.239 
0.560 
0.339 
0.498 
0.463 
11.192 
0.397 
0.301 
0.349 
0.666 
0.158 
0.199 
0.715 
0.649 
0.375 
0.255 
0.225 
0.323 
0.413 
0.234 
0.313 
0.275 
3.330 
0.296 
0.126 
0.698 
0.259 
0.397 
0.302 
0.408 
0.165 
0.281 
0.682 
0.209 
0.397 
0.260 
0.115 
0.210 
0.279 
0.285 
0.288 
0.386 
0.315 
0.220 
0.222 
0.337 
0.337 
3.427 
0.332 
0.756 
0.137 
0.323 
0.212 
0.365 
0.275 
0.165 
1.533 
0.321 
0.182 
0.526 
0.227 
2.161 
0.241 
0.283 
0.322 
0.153 
0.461 
0.281 
0.196 
0.114 
0.210 
0.239 
0.267 
0.297 
0.306 
0.454 
0.540 
0.455 
0.391 
0.993 
0.159 
0.288 
0.336 
0.288 
0.396 
0.291 
0.264 
0.374 
0.133 
0.305 
0.347 
0.378 
0.240 
0.390 
0.376 
0.158 
0.304 
0.266 
0.276 
1.506 
0.583 
0.316 
0.882 
0.137 
0.213 
0.269 
0.315 
0.199 
0.183 
0.204 
0.833 
0.326 
0.241 
0.371 
0.347 
0.369 
0.350 
0.914 
0.300 
1.333 
0.525 
3.840 
1.656 
0.905 
0.185 
2.183 
0.296 
0.361 
0.188 
0.261 
0.263 
1.067 
0.318 
0.258 
0.317 
0.238 
0.180 
0.143 
0.078 
0.210 
0.209 
0.128 
0.425 
0.133 
2.955 
0.277 
0.193 
0.244 
0.210 
1.635 
0.105 
0.309 
0.058 
0.280 
0.314 
0.094 
0.320 
0.280 
0.316 
0.180 
0.049 
0.333 
0.105 
0.632 
0.233 
0.254 
0.175 
0.122 
0.149 
0.129 
16.036 
0.312 
0.110 
0.142 
0.140 
0.521 
0.313 
0.109 
0.080 
0.270 
0.034 
0.325 
0.275 
0.078 
0.295 
1.292 
0.275 
0.298 
0.171 
0.256 
0.104 
0.053 
0.207 
0.169 
0.320 
0.244 
0.297 
0.179 
0.279 
0.320 
0.494 
0.233 
0.268 
0.165 
0.168 
0.272 
0.323 
0.307 
0.186 
0.130 
0.283 
0.197 
0.214 
0.269 
0.143 
0.176 
0.179 
0.181 
0.233 
0.327 
0.197 
0.266 
0.243 
0.273 
0.257 
0.275 
0.210 
0.267 
0.320 
0.033 
0.325 
0.208 
0.287 
0.244 
0.234 
0.195 
0.130 
0.133 
0.188 
0.155 
0.318 
0.303 
0.268 
0.231 
0.321 
0.276 
0.252 
0.112 
0.214 
0.248 
0.295 
0.010 
0.228 
0.228 
0.244 
0.177 
0.292 
0.019 
0.275 
0.222 
0.211 
1.338 
0.222 
0.295 
0.687 
0.490 
0.258 
1.159 
0.195 
0.197 
0.254 
0.368 
0.163 
0.145 
0.107 
0.358 
0.075 
0.733 
0.217 
0.325 
0.284 
0.285 
0.232 
0.181 
0.319 
0.178 
0.234 
1.676 
0.221 
0.123 
0.235 
0.256 
1.431 
0.268 
3.221 
1.064 
0.219 
0.676 
0.037 
0.362 
0.086 
0.288 
0.185 
0.223 
0.182 
0.171 
0.086 
3.472 
0.223 
0.175 
0.257 
6.881 
3.288 
2.005 
0.115 
0.257 
0.723 
0.321 
3.042 
0.232 
0.447 
0.292 
