0.644 
0.215 
0.639 
0.664 
0.590 
0.162 
0.593 
0.251 
0.408 
0.572 
0.467 
0.551 
0.194 
0.541 
0.579 
0.158 
0.512 
0.585 
0.590 
0.237 
0.207 
0.275 
0.511 
0.477 
0.258 
0.362 
0.165 
0.264 
0.655 
0.223 
0.258 
0.633 
0.528 
0.595 
0.372 
0.333 
0.215 
0.537 
0.579 
0.228 
0.577 
0.386 
0.210 
0.502 
0.450 
0.519 
0.420 
0.585 
0.392 
0.058 
0.296 
0.540 
0.404 
0.247 
0.414 
0.425 
0.312 
0.387 
0.543 
0.646 
0.631 
0.601 
0.567 
0.387 
0.358 
0.523 
0.284 
0.608 
0.595 
0.539 
0.434 
0.411 
0.542 
0.514 
0.596 
0.361 
0.260 
0.523 
0.599 
0.561 
0.442 
0.520 
0.236 
0.448 
0.208 
0.327 
0.564 
0.500 
0.437 
0.545 
0.504 
0.636 
0.373 
0.297 
0.650 
0.610 
0.522 
0.384 
0.268 
0.389 
0.606 
0.339 
0.255 
0.481 
0.561 
0.481 
0.411 
0.075 
0.633 
0.525 
0.449 
0.459 
0.154 
0.159 
0.434 
0.385 
0.330 
0.159 
0.403 
0.359 
0.557 
0.509 
0.409 
0.355 
0.545 
0.366 
0.500 
0.546 
0.613 
0.370 
0.213 
0.329 
0.481 
0.611 
0.283 
0.255 
0.161 
0.514 
0.588 
0.511 
0.274 
0.480 
0.644 
0.512 
0.410 
0.251 
0.271 
0.387 
0.494 
0.523 
0.522 
0.520 
0.612 
0.592 
0.592 
0.116 
0.500 
0.328 
0.459 
0.522 
0.590 
0.540 
0.462 
0.498 
0.581 
0.388 
0.667 
0.592 
0.545 
0.460 
0.556 
0.684 
0.628 
0.160 
0.482 
0.541 
0.281 
0.627 
0.610 
0.336 
0.479 
0.449 
0.612 
0.421 
3.288 
0.515 
0.293 
0.278 
0.254 
0.391 
0.294 
0.358 
0.433 
0.592 
0.612 
0.525 
0.615 
0.616 
0.338 
0.327 
0.504 
0.522 
0.610 
0.255 
0.401 
0.438 
0.349 
0.520 
3.819 
0.575 
0.461 
0.495 
0.252 
0.403 
0.332 
0.550 
0.628 
0.627 
0.290 
0.631 
0.332 
0.214 
0.173 
0.468 
0.523 
0.575 
0.560 
0.357 
0.057 
0.328 
0.220 
0.292 
0.489 
0.263 
0.449 
0.172 
0.411 
0.575 
0.592 
0.239 
0.558 
0.379 
0.570 
0.349 
0.610 
0.272 
0.501 
0.161 
0.524 
0.389 
0.499 
0.601 
0.558 
0.561 
0.142 
0.277 
0.586 
0.387 
0.500 
0.617 
0.363 
0.485 
0.231 
0.628 
0.487 
0.628 
0.577 
0.088 
0.481 
0.182 
0.601 
0.382 
0.444 
0.596 
0.079 
0.283 
0.362 
0.062 
0.568 
0.573 
0.050 
0.477 
0.429 
0.358 
0.534 
0.335 
0.580 
0.522 
0.432 
0.616 
0.434 
0.381 
0.385 
0.589 
0.647 
0.212 
0.175 
0.524 
0.212 
0.293 
0.091 
0.610 
0.556 
0.475 
0.480 
0.441 
0.383 
0.545 
0.663 
0.353 
0.934 
0.613 
0.625 
0.061 
0.173 
0.276 
0.478 
0.421 
0.521 
0.458 
0.334 
0.534 
0.621 
0.527 
0.602 
0.602 
0.206 
0.527 
3.661 
0.621 
0.351 
4.654 
0.572 
0.218 
0.465 
0.283 
0.707 
0.605 
0.627 
0.364 
