0.333 
0.627 
0.213 
0.572 
0.511 
0.457 
0.590 
0.532 
0.507 
0.559 
0.621 
0.479 
0.482 
0.223 
0.542 
0.229 
0.295 
0.389 
0.623 
0.541 
0.327 
0.249 
0.536 
0.354 
0.640 
0.088 
0.644 
0.664 
0.419 
0.336 
1.797 
0.565 
0.436 
0.349 
0.519 
0.633 
0.287 
0.366 
0.387 
0.225 
0.521 
0.219 
0.552 
0.158 
0.448 
0.207 
0.480 
0.446 
0.427 
0.260 
0.330 
0.612 
0.484 
0.411 
0.514 
0.266 
0.523 
0.475 
0.524 
0.159 
0.386 
0.629 
0.620 
0.457 
0.586 
0.059 
0.504 
0.575 
0.591 
0.355 
0.470 
0.337 
0.177 
0.242 
0.552 
0.605 
0.229 
0.213 
0.407 
0.185 
0.573 
0.368 
0.389 
0.263 
0.610 
0.573 
0.188 
0.475 
0.575 
0.520 
0.317 
0.493 
0.504 
0.636 
0.334 
0.413 
0.604 
0.526 
0.388 
0.178 
0.434 
0.627 
0.461 
0.567 
0.409 
0.361 
0.540 
0.282 
0.441 
0.326 
0.100 
0.591 
0.643 
0.626 
0.469 
0.610 
0.611 
0.311 
0.389 
0.467 
0.153 
0.543 
0.499 
0.494 
0.580 
0.499 
0.329 
0.355 
0.521 
0.540 
0.433 
0.654 
0.528 
0.358 
0.454 
0.298 
0.432 
0.325 
0.433 
0.159 
0.618 
0.627 
0.673 
0.637 
0.368 
2.706 
0.297 
0.519 
0.523 
0.326 
0.393 
0.300 
0.129 
0.358 
0.502 
0.358 
0.157 
0.327 
0.540 
0.540 
0.605 
0.552 
0.648 
0.519 
0.658 
0.557 
0.648 
0.622 
0.577 
0.163 
0.525 
0.583 
0.153 
0.169 
0.554 
0.610 
0.502 
0.120 
0.523 
0.458 
0.358 
0.212 
0.522 
0.223 
0.579 
0.523 
1.972 
0.136 
0.544 
0.521 
0.505 
0.503 
0.336 
0.458 
0.472 
0.073 
0.585 
0.459 
1.829 
0.411 
0.305 
0.522 
0.357 
0.290 
0.161 
0.225 
0.370 
0.557 
0.629 
0.164 
0.453 
0.501 
0.167 
0.600 
0.622 
0.597 
0.589 
0.625 
0.336 
0.439 
0.603 
0.217 
0.235 
0.217 
0.323 
0.523 
0.252 
0.352 
0.488 
0.560 
0.158 
0.218 
0.634 
0.492 
0.481 
0.459 
0.075 
0.458 
0.541 
0.485 
0.499 
0.221 
0.630 
0.311 
0.503 
0.557 
0.388 
0.627 
0.566 
0.452 
0.432 
0.590 
0.386 
0.525 
0.504 
0.173 
0.466 
0.214 
0.247 
0.612 
0.361 
0.331 
0.390 
0.356 
0.330 
0.302 
0.499 
0.440 
0.504 
0.353 
0.217 
0.456 
0.628 
0.698 
0.215 
0.627 
0.592 
0.370 
0.329 
0.628 
0.407 
0.313 
0.483 
0.539 
0.325 
0.551 
0.581 
0.545 
0.330 
0.222 
0.537 
0.294 
0.498 
0.625 
0.477 
0.460 
0.334 
0.504 
0.564 
0.382 
0.439 
0.627 
0.615 
0.322 
0.551 
0.577 
0.383 
0.434 
0.385 
0.268 
3.199 
0.249 
0.206 
0.637 
0.495 
0.501 
0.250 
0.450 
0.465 
0.343 
0.386 
0.519 
0.525 
0.442 
0.598 
0.082 
0.436 
0.351 
0.414 
1.789 
0.588 
0.599 
0.544 
0.512 
4.290 
0.590 
0.535 
0.384 
0.086 
0.539 
0.609 
