0.177 
0.456 
0.267 
0.217 
0.106 
2.217 
0.297 
0.205 
0.244 
0.597 
1.008 
0.252 
0.578 
0.781 
11.837 
0.102 
0.438 
0.391 
0.218 
0.111 
0.237 
0.302 
1.039 
0.062 
0.496 
0.220 
0.243 
0.565 
0.777 
0.282 
0.186 
4.788 
0.154 
0.251 
1.177 
0.106 
1.937 
2.963 
0.408 
0.227 
1.096 
0.423 
1.468 
0.240 
0.139 
0.194 
0.443 
0.069 
0.097 
0.279 
0.288 
0.160 
0.202 
0.996 
0.283 
15.138 
1.484 
3.002 
4.349 
1.511 
5.283 
5.225 
16.662 
0.121 
0.227 
7.005 
0.272 
0.400 
0.175 
0.260 
0.210 
0.504 
0.207 
0.274 
0.169 
0.020 
0.440 
0.401 
1.640 
3.470 
6.339 
0.675 
6.583 
9.403 
14.735 
3.227 
6.516 
0.371 
1.480 
0.211 
0.196 
0.242 
2.092 
0.345 
2.098 
0.462 
0.272 
0.240 
0.263 
0.113 
0.202 
0.116 
1.127 
0.988 
4.453 
14.073 
19.090 
7.203 
4.790 
0.287 
6.490 
1.900 
1.095 
0.195 
0.087 
0.598 
0.090 
0.133 
0.052 
0.262 
0.147 
0.260 
0.272 
0.123 
0.155 
0.164 
1.491 
26.126 
1.741 
7.210 
0.685 
10.618 
13.949 
3.989 
1.259 
0.982 
0.508 
0.191 
0.144 
0.276 
0.108 
0.107 
0.222 
0.188 
0.232 
0.224 
0.211 
0.223 
0.068 
0.283 
2.804 
1.304 
0.390 
4.410 
3.308 
2.330 
0.925 
2.513 
13.584 
0.241 
0.290 
0.257 
8.737 
0.197 
0.252 
0.255 
2.218 
0.248 
0.188 
0.249 
0.267 
0.213 
0.191 
0.645 
0.211 
0.265 
0.193 
0.364 
0.354 
0.602 
0.269 
0.163 
0.332 
0.148 
0.248 
33.104 
0.146 
0.097 
0.206 
0.122 
0.324 
0.236 
1.624 
0.232 
0.303 
0.079 
0.211 
0.181 
0.137 
0.124 
0.669 
0.183 
0.638 
13.306 
0.957 
2.369 
0.285 
6.831 
1.724 
0.118 
0.258 
0.158 
0.109 
0.121 
0.265 
0.194 
0.105 
0.216 
0.160 
0.210 
0.302 
0.771 
0.808 
5.503 
10.534 
8.460 
12.860 
6.257 
3.875 
1.477 
2.053 
0.252 
0.259 
0.415 
0.339 
0.900 
1.576 
0.189 
2.219 
0.883 
0.223 
0.092 
0.213 
0.402 
0.175 
0.342 
3.804 
4.926 
6.657 
17.743 
2.110 
3.002 
6.071 
2.691 
0.192 
1.966 
1.992 
0.252 
0.120 
0.172 
0.204 
0.233 
0.506 
0.227 
0.991 
1.459 
0.740 
0.818 
0.246 
6.165 
2.426 
13.127 
13.654 
8.888 
9.024 
0.682 
0.358 
9.669 
1.947 
2.474 
6.274 
0.505 
0.206 
0.163 
4.543 
0.264 
0.137 
0.178 
0.178 
0.155 
0.593 
2.072 
0.100 
6.815 
1.548 
4.383 
23.107 
17.085 
1.519 
0.981 
0.236 
1.635 
0.754 
0.239 
0.185 
0.132 
0.211 
0.238 
0.183 
0.251 
0.157 
0.234 
1.542 
0.197 
0.141 
0.242 
1.132 
1.564 
13.851 
0.548 
17.696 
4.584 
1.422 
2.875 
8.901 
0.139 
0.165 
3.039 
0.187 
0.389 
1.771 
0.145 
0.307 
1.561 
0.216 
25.821 
0.131 
0.155 
7.090 
2.942 
0.410 
0.390 
0.257 
22.459 
1.379 
0.267 
0.319 
0.196 
15.884 
13.006 
0.253 
0.128 
10.655 
2.044 
0.187 
0.108 
1.929 
0.221 
0.171 
0.211 
0.205 
0.143 
0.244 
0.096 
0.177 
0.229 
0.338 
0.264 
0.196 
1.484 
0.374 
22.902 
1.951 
1.691 
2.887 
0.446 
0.186 
0.196 
0.094 
0.214 
0.130 
0.147 
1.269 
0.175 
0.176 
0.228 
0.110 
0.303 
5.534 
0.426 
5.151 
8.218 
1.370 
3.122 
0.788 
1.129 
4.204 
0.685 
18.940 
0.250 
2.272 
0.200 
0.200 
0.229 
0.199 
2.323 
0.178 
4.493 
0.205 
0.280 
0.213 
0.062 
0.199 
3.575 
1.026 
5.094 
5.716 
7.201 
4.749 
0.573 
0.305 
0.724 
0.459 
0.263 
0.205 
0.954 
