0.285 
0.221 
0.302 
0.023 
0.282 
0.166 
0.286 
0.235 
0.281 
0.326 
0.248 
0.403 
0.258 
0.252 
0.348 
0.243 
0.425 
0.349 
0.333 
0.491 
0.882 
0.246 
0.302 
0.413 
0.374 
0.275 
0.288 
0.295 
0.237 
0.310 
0.131 
0.133 
0.244 
0.311 
0.320 
0.532 
0.245 
0.325 
0.233 
0.157 
0.309 
0.181 
0.231 
0.250 
0.321 
0.275 
0.314 
0.237 
0.281 
0.237 
0.353 
0.212 
0.314 
0.242 
18.363 
0.135 
0.173 
0.348 
0.362 
1.864 
0.420 
0.259 
0.167 
0.387 
0.255 
0.146 
0.321 
0.431 
0.359 
0.334 
0.142 
0.295 
0.237 
0.289 
0.373 
0.296 
0.304 
0.221 
0.320 
0.138 
0.719 
1.539 
0.304 
2.252 
0.221 
3.587 
0.211 
0.361 
0.252 
0.277 
0.263 
0.324 
8.221 
12.861 
0.235 
0.315 
0.388 
0.320 
0.314 
0.301 
0.251 
0.335 
0.349 
1.111 
0.284 
0.883 
1.193 
0.999 
0.347 
0.337 
0.296 
0.142 
0.606 
0.320 
0.578 
0.106 
0.300 
0.197 
0.168 
0.295 
0.384 
0.274 
0.341 
10.930 
0.329 
0.436 
0.216 
0.339 
0.257 
0.172 
1.997 
0.235 
0.662 
0.204 
0.269 
0.286 
0.562 
0.570 
0.311 
0.109 
0.399 
0.170 
0.050 
0.131 
0.255 
0.330 
1.625 
0.273 
0.242 
0.350 
0.089 
0.337 
0.275 
0.164 
0.275 
0.299 
0.332 
10.060 
0.293 
0.299 
0.414 
0.913 
0.902 
0.363 
0.218 
0.360 
0.965 
0.983 
0.384 
0.215 
0.325 
0.229 
0.265 
0.375 
0.222 
0.972 
0.279 
0.159 
1.064 
0.335 
0.255 
0.587 
0.319 
0.115 
0.947 
0.137 
0.234 
0.287 
0.264 
0.296 
0.246 
2.744 
0.165 
0.450 
0.179 
0.772 
0.330 
0.316 
0.378 
0.318 
0.272 
0.195 
0.331 
0.184 
0.306 
0.315 
0.369 
0.378 
0.271 
0.659 
0.278 
2.153 
0.125 
0.216 
0.128 
0.294 
0.266 
0.135 
0.297 
0.114 
0.195 
0.301 
0.340 
1.092 
0.161 
7.132 
1.269 
2.090 
1.344 
3.134 
0.340 
0.278 
0.559 
1.449 
0.429 
0.269 
0.306 
0.365 
0.173 
0.370 
1.429 
0.303 
0.117 
0.333 
0.390 
0.106 
0.152 
0.320 
1.996 
0.197 
0.516 
0.965 
0.285 
0.269 
0.490 
0.241 
0.233 
0.075 
1.675 
0.390 
0.166 
0.292 
0.211 
0.296 
0.108 
0.199 
1.458 
0.237 
0.258 
0.329 
1.258 
0.167 
0.287 
0.226 
0.286 
0.079 
0.043 
0.905 
0.171 
0.312 
0.308 
0.311 
0.148 
0.200 
0.325 
0.090 
0.129 
0.306 
0.076 
0.257 
0.107 
0.195 
0.212 
0.195 
0.147 
1.823 
0.190 
0.277 
0.304 
0.312 
0.151 
0.131 
18.383 
0.074 
0.203 
1.326 
0.199 
0.255 
0.236 
0.301 
0.918 
0.277 
0.155 
0.230 
0.147 
0.168 
0.298 
0.221 
0.265 
0.306 
0.215 
0.147 
12.532 
0.935 
0.260 
0.208 
0.045 
0.319 
0.150 
0.266 
0.171 
0.371 
0.275 
0.211 
0.206 
0.307 
0.075 
0.105 
0.187 
0.320 
0.104 
3.643 
0.235 
0.327 
0.279 
0.316 
0.208 
0.256 
0.258 
0.046 
0.323 
0.323 
0.319 
0.267 
0.141 
0.299 
0.167 
0.320 
0.167 
0.090 
0.277 
0.208 
0.247 
0.091 
0.232 
0.297 
0.292 
0.152 
0.204 
0.266 
0.200 
0.268 
0.292 
0.725 
0.159 
0.275 
1.086 
0.168 
0.277 
4.380 
1.281 
0.180 
0.276 
0.167 
0.266 
0.282 
0.313 
0.180 
0.741 
0.285 
0.271 
0.309 
0.955 
0.274 
0.957 
0.347 
0.227 
0.230 
0.267 
0.076 
0.254 
0.164 
0.668 
0.281 
0.741 
0.197 
0.265 
0.333 
0.168 
0.212 
0.261 
0.028 
0.181 
0.131 
0.199 
0.279 
0.276 
2.033 
0.271 
0.313 
0.252 
0.958 
0.325 
2.441 
0.125 
4.443 
0.170 
