1.164 
0.405 
1.205 
0.706 
2.002 
0.463 
1.024 
0.596 
0.906 
3.810 
0.455 
0.376 
1.158 
0.687 
1.395 
2.538 
1.396 
1.107 
1.991 
2.010 
1.789 
0.907 
1.232 
2.570 
0.700 
0.369 
0.737 
0.822 
0.307 
0.686 
0.503 
0.310 
3.165 
1.240 
6.287 
0.433 
1.461 
0.591 
0.648 
1.594 
1.249 
0.460 
0.493 
28.786 
22.975 
0.266 
1.505 
0.416 
1.448 
6.655 
0.280 
0.967 
1.937 
1.393 
1.764 
12.729 
1.500 
2.133 
0.520 
0.621 
1.046 
1.779 
3.772 
0.382 
0.768 
24.627 
1.197 
8.149 
1.179 
1.444 
0.669 
0.931 
0.383 
0.539 
1.488 
0.640 
0.474 
0.192 
0.506 
4.694 
0.564 
0.611 
0.843 
0.734 
0.533 
0.382 
15.712 
4.321 
2.942 
0.569 
1.033 
2.181 
0.446 
0.804 
0.501 
0.429 
1.666 
1.129 
7.148 
2.127 
7.064 
0.962 
0.607 
0.337 
1.989 
0.927 
0.266 
0.433 
0.469 
0.971 
0.977 
0.307 
0.314 
0.672 
0.656 
0.681 
9.240 
6.959 
0.915 
32.143 
6.354 
1.586 
6.591 
0.853 
0.692 
1.227 
0.393 
15.528 
1.079 
0.565 
0.426 
6.151 
0.327 
4.463 
0.621 
0.309 
0.596 
13.245 
0.482 
1.313 
0.509 
28.213 
0.553 
0.662 
0.473 
2.524 
0.545 
0.536 
1.057 
0.749 
0.625 
0.581 
0.662 
0.400 
0.888 
0.901 
1.111 
0.560 
0.439 
0.664 
0.616 
0.398 
0.476 
0.984 
1.070 
0.579 
15.945 
0.397 
5.452 
1.129 
0.475 
9.142 
0.468 
1.642 
1.201 
0.735 
1.446 
0.370 
0.661 
1.567 
0.420 
0.576 
0.336 
0.242 
0.402 
1.704 
0.528 
0.472 
0.684 
0.743 
0.641 
0.475 
1.778 
14.347 
0.497 
0.468 
0.801 
0.441 
0.480 
6.157 
1.256 
0.445 
2.268 
0.443 
1.181 
0.350 
24.202 
0.546 
0.612 
0.694 
0.424 
0.535 
0.313 
10.614 
0.519 
0.884 
0.440 
0.348 
0.606 
2.392 
2.009 
11.627 
0.482 
1.308 
13.777 
0.726 
0.646 
0.481 
0.989 
1.669 
1.203 
1.127 
3.719 
1.135 
2.305 
2.652 
1.676 
0.934 
2.005 
9.058 
2.725 
1.152 
0.650 
0.537 
2.815 
1.163 
19.242 
0.683 
0.952 
0.597 
0.298 
0.668 
0.518 
0.530 
0.350 
0.967 
1.822 
2.318 
1.357 
1.926 
3.799 
0.982 
1.489 
2.216 
1.044 
0.640 
1.772 
0.662 
0.485 
0.548 
0.710 
0.083 
1.148 
1.309 
2.280 
3.287 
5.751 
3.204 
7.077 
2.565 
15.753 
0.640 
0.863 
3.708 
1.228 
22.674 
18.343 
4.019 
0.646 
24.762 
0.502 
0.797 
1.776 
0.519 
0.563 
0.216 
0.932 
1.257 
1.166 
0.679 
1.806 
0.615 
7.720 
4.125 
1.057 
1.212 
17.811 
19.602 
11.625 
3.394 
1.290 
1.190 
0.842 
0.620 
2.684 
0.778 
0.870 
2.377 
4.272 
0.397 
1.102 
0.206 
1.143 
1.048 
0.614 
2.151 
3.004 
1.022 
1.661 
2.064 
6.490 
1.571 
0.910 
0.518 
1.402 
0.879 
0.423 
0.616 
0.774 
0.306 
0.687 
0.647 
0.704 
1.575 
0.584 
2.036 
0.684 
0.762 
0.497 
0.874 
1.220 
0.648 
1.211 
0.663 
0.907 
2.407 
2.640 
0.794 
0.793 
0.960 
2.112 
11.265 
0.407 
2.499 
0.419 
0.754 
1.194 
0.882 
0.517 
0.487 
1.165 
0.676 
2.584 
0.713 
1.191 
0.554 
0.442 
0.748 
1.168 
0.757 
1.258 
0.557 
3.038 
13.639 
8.605 
0.884 
3.023 
1.839 
0.738 
1.086 
0.427 
0.414 
3.774 
2.458 
3.085 
2.878 
1.556 
1.733 
4.468 
3.176 
0.604 
3.290 
1.067 
24.838 
0.468 
1.467 
0.626 
0.581 
1.537 
0.557 
1.513 
0.516 
0.436 
0.550 
1.634 
0.286 
2.856 
1.154 
2.304 
0.182 
0.472 
1.586 
1.305 
24.293 
7.156 
0.487 
