0.550 
0.392 
0.350 
0.710 
0.665 
0.391 
0.643 
0.850 
0.727 
0.618 
0.745 
0.768 
0.619 
0.652 
0.443 
0.600 
0.725 
0.315 
0.543 
0.675 
0.597 
0.595 
0.646 
0.570 
0.538 
0.537 
0.481 
0.050 
0.260 
0.672 
0.405 
0.673 
0.623 
0.782 
0.640 
0.662 
0.625 
0.572 
0.369 
0.442 
0.344 
0.686 
0.503 
0.720 
0.522 
0.570 
0.494 
0.496 
0.548 
0.616 
0.616 
0.809 
0.573 
3.376 
1.833 
0.740 
3.581 
4.527 
2.420 
5.344 
2.173 
0.249 
0.378 
0.480 
0.700 
0.525 
0.548 
0.177 
0.500 
0.550 
0.440 
0.297 
0.558 
0.669 
0.439 
0.068 
0.070 
0.472 
0.711 
0.551 
0.297 
0.221 
1.348 
1.889 
1.330 
0.376 
0.251 
0.502 
0.548 
0.575 
0.390 
0.458 
0.429 
0.596 
0.335 
0.471 
0.598 
0.336 
0.592 
0.572 
0.468 
0.683 
0.571 
0.529 
0.443 
0.701 
0.346 
0.618 
0.623 
0.299 
0.576 
0.721 
0.438 
0.292 
0.599 
0.572 
0.165 
0.171 
0.467 
0.599 
0.239 
0.706 
0.720 
0.722 
0.545 
0.561 
1.231 
6.719 
0.522 
0.694 
1.063 
1.081 
0.242 
0.619 
0.622 
0.440 
0.335 
0.085 
0.408 
0.340 
0.440 
0.380 
0.247 
1.139 
0.467 
0.494 
0.373 
0.467 
0.661 
0.381 
0.549 
0.678 
0.497 
0.714 
0.058 
0.706 
0.623 
0.715 
0.734 
0.426 
0.295 
0.572 
0.702 
0.527 
0.468 
0.684 
0.554 
0.575 
0.446 
0.498 
0.617 
0.439 
0.443 
0.660 
0.618 
0.300 
0.720 
0.497 
0.443 
0.250 
0.381 
0.704 
0.639 
0.619 
0.370 
0.445 
0.718 
0.174 
0.295 
0.620 
0.699 
0.045 
0.552 
0.596 
0.664 
0.468 
0.639 
0.667 
0.083 
0.580 
0.719 
0.573 
0.440 
0.186 
0.468 
0.040 
0.406 
0.244 
0.373 
0.441 
0.753 
0.066 
0.504 
0.364 
0.573 
0.662 
0.680 
0.376 
0.409 
0.619 
0.640 
1.879 
0.545 
0.530 
0.746 
0.466 
0.408 
0.554 
0.682 
0.619 
0.247 
0.334 
0.245 
0.521 
0.704 
0.293 
0.411 
0.170 
0.516 
0.399 
0.292 
0.714 
0.405 
0.703 
0.644 
0.638 
0.408 
0.636 
0.919 
1.120 
0.703 
0.758 
0.604 
0.568 
0.484 
0.552 
0.550 
0.426 
0.666 
0.399 
0.707 
0.393 
0.390 
0.749 
0.103 
0.680 
0.661 
0.668 
0.753 
0.594 
0.684 
0.664 
0.333 
1.641 
4.163 
0.721 
0.390 
12.875 
11.821 
0.811 
0.654 
0.574 
0.691 
0.347 
0.459 
0.426 
0.755 
0.460 
0.515 
0.649 
0.662 
0.551 
0.682 
0.519 
0.577 
0.111 
8.904 
0.617 
0.731 
0.327 
0.412 
0.556 
0.175 
0.249 
0.721 
0.245 
0.556 
0.437 
0.026 
0.661 
0.567 
0.704 
0.183 
0.200 
0.619 
0.641 
0.236 
0.532 
0.092 
0.682 
0.303 
0.713 
0.617 
0.594 
0.663 
0.252 
0.722 
0.525 
0.706 
0.471 
0.474 
0.701 
0.063 
0.234 
0.437 
0.713 
0.622 
0.438 
0.689 
0.648 
0.751 
0.648 
0.350 
0.251 
0.438 
0.705 
0.404 
0.527 
0.374 
0.622 
0.297 
0.498 
0.471 
0.241 
0.623 
0.443 
0.617 
0.412 
0.439 
0.242 
0.494 
0.467 
0.468 
0.595 
0.523 
0.699 
0.236 
0.680 
0.523 
0.409 
0.572 
0.468 
0.085 
0.718 
0.377 
0.062 
0.701 
0.496 
0.287 
0.497 
0.472 
0.720 
0.044 
0.616 
0.079 
0.302 
0.514 
0.373 
0.414 
0.737 
9.337 
11.427 
2.127 
16.617 
0.704 
0.339 
0.184 
0.501 
0.406 
0.663 
0.619 
0.174 
0.042 
0.659 
0.603 
0.439 
0.348 
0.686 
0.131 
0.669 
5.099 
3.026 
0.529 
4.781 
0.604 
9.707 
0.492 
0.612 
0.438 
0.702 
0.298 
0.173 
0.660 
0.380 
0.572 
0.522 
0.370 
