27.833 
3.922 
1.634 
0.571 
6.103 
3.181 
3.701 
4.353 
5.136 
3.787 
3.660 
5.056 
5.743 
7.840 
6.676 
237.130 
103.027 
138.058 
61.285 
127.953 
211.674 
126.692 
77.833 
5.257 
2.005 
1.316 
6.271 
3.790 
1.437 
4.089 
0.885 
5.020 
2.277 
4.324 
3.726 
5.523 
4.226 
3.389 
3.902 
101.108 
6.381 
125.307 
99.375 
108.512 
109.731 
174.676 
47.880 
111.461 
5.096 
7.111 
1.358 
2.318 
2.417 
9.552 
0.271 
2.473 
2.135 
1.226 
3.299 
3.065 
5.039 
5.383 
99.697 
139.549 
111.205 
126.716 
46.452 
65.056 
63.036 
111.357 
96.864 
5.097 
2.620 
69.184 
5.770 
3.035 
0.284 
4.868 
1.525 
4.981 
5.036 
1.995 
1.510 
3.052 
3.577 
125.176 
81.803 
38.670 
131.518 
83.212 
205.863 
4.533 
75.765 
2.048 
2.132 
4.621 
32.330 
0.875 
0.345 
4.052 
3.845 
4.635 
53.023 
21.082 
4.305 
4.471 
4.446 
3.252 
4.899 
34.525 
218.557 
47.893 
4.969 
103.885 
29.748 
73.140 
7.976 
92.955 
3.169 
2.571 
3.739 
3.832 
6.611 
5.302 
2.257 
0.941 
3.150 
4.936 
5.034 
5.611 
0.651 
3.181 
78.837 
133.019 
159.344 
304.522 
115.561 
95.251 
57.306 
248.776 
1.666 
1.703 
2.657 
2.579 
5.257 
0.328 
0.835 
2.953 
3.747 
8.660 
14.659 
2.193 
2.477 
3.878 
0.678 
126.228 
223.899 
51.763 
122.046 
36.207 
69.292 
75.619 
183.399 
186.792 
152.976 
58.336 
3.299 
83.603 
1.528 
1.179 
0.522 
2.606 
2.382 
2.670 
12.208 
5.697 
1.356 
3.877 
3.606 
720.703 
45.432 
107.629 
137.338 
129.701 
2.820 
177.847 
9.986 
4.770 
2.372 
1.869 
4.430 
1.909 
5.106 
2.124 
3.927 
3.367 
3.328 
12.563 
5.467 
9.938 
3.100 
4.310 
40.985 
126.343 
39.827 
133.307 
40.264 
39.930 
56.651 
147.198 
74.560 
63.779 
81.650 
5.570 
6.640 
3.584 
3.255 
7.467 
4.421 
3.906 
3.978 
4.956 
3.139 
4.391 
3.801 
115.749 
60.366 
71.206 
176.679 
53.513 
36.980 
89.735 
47.063 
75.062 
122.002 
167.924 
70.057 
161.205 
33.581 
50.842 
4.960 
3.913 
2.428 
4.882 
5.150 
2.660 
4.076 
3.601 
3.028 
87.185 
131.579 
113.513 
86.539 
79.191 
49.995 
151.409 
265.325 
3.678 
64.472 
14.046 
116.858 
13.936 
9.651 
185.584 
3.497 
5.437 
3.066 
2.570 
2.083 
4.525 
4.947 
105.074 
185.408 
83.053 
37.921 
35.938 
101.289 
171.058 
74.659 
82.477 
54.335 
3.979 
4.761 
4.081 
3.866 
29.231 
4.439 
10.077 
3.403 
3.104 
5.662 
3.449 
4.278 
3.914 
5.606 
101.990 
45.276 
54.695 
30.505 
85.609 
47.222 
111.542 
86.084 
87.273 
3.830 
5.248 
2.992 
6.344 
4.839 
3.604 
5.027 
3.260 
6.512 
5.229 
3.204 
3.318 
3.560 
2.650 
43.634 
90.982 
137.917 
105.537 
52.260 
139.494 
80.845 
30.477 
116.361 
5.873 
4.547 
4.082 
3.270 
3.305 
13.431 
4.571 
4.209 
3.597 
2.885 
2.694 
2.999 
4.242 
7.234 
211.345 
106.511 
256.463 
166.047 
109.146 
84.553 
166.074 
100.019 
94.980 
3.375 
3.525 
4.138 
3.686 
41.308 
4.266 
2.628 
3.126 
3.294 
4.624 
3.761 
2.986 
2.823 
3.074 
4.376 
118.018 
72.260 
127.872 
77.189 
118.440 
43.661 
77.178 
100.719 
22.619 
8.693 
2.930 
4.129 
3.672 
3.660 
4.497 
5.123 
3.702 
3.557 
5.172 
4.967 
9.623 
5.159 
4.614 
62.253 
6.692 
335.760 
65.723 
14.125 
58.571 
44.661 
28.869 
70.403 
79.932 
93.362 
6.451 
6.130 
8.242 
2.789 
6.298 
4.812 
4.680 
4.254 
4.297 
7.071 
3.920 
6.133 
52.502 
32.983 
8.340 
46.339 
57.572 
