0.905 
1.026 
1.372 
1.765 
1.094 
0.430 
0.529 
0.354 
0.418 
0.862 
0.841 
1.288 
0.707 
0.331 
1.897 
0.363 
0.486 
0.531 
0.267 
0.485 
0.474 
0.501 
0.454 
0.536 
0.820 
0.961 
0.531 
0.394 
1.411 
1.852 
0.546 
1.446 
1.253 
0.442 
0.430 
1.663 
0.930 
1.484 
0.251 
1.145 
0.549 
0.565 
0.527 
1.449 
0.782 
1.925 
0.522 
1.988 
0.251 
0.544 
1.746 
0.221 
0.288 
0.269 
0.396 
0.247 
0.413 
0.621 
0.355 
0.445 
0.598 
0.499 
0.507 
0.774 
0.940 
1.282 
0.467 
0.628 
2.103 
1.334 
0.540 
1.297 
0.764 
0.650 
1.006 
0.792 
0.444 
0.340 
0.373 
0.293 
0.522 
1.529 
1.178 
0.528 
0.285 
0.749 
0.621 
0.891 
0.478 
0.282 
0.310 
0.499 
0.308 
0.469 
0.498 
0.548 
1.052 
0.823 
1.683 
0.505 
1.375 
0.434 
0.052 
0.492 
0.138 
0.144 
0.542 
0.314 
1.183 
0.930 
0.374 
0.933 
0.482 
0.530 
0.483 
0.390 
1.225 
0.350 
1.090 
1.762 
0.514 
0.151 
0.559 
2.667 
0.624 
1.556 
0.279 
0.453 
0.439 
0.617 
1.274 
1.020 
0.785 
0.445 
1.591 
0.528 
0.413 
0.514 
0.761 
1.317 
0.272 
0.494 
0.552 
2.342 
0.984 
0.499 
2.268 
0.607 
0.948 
0.603 
2.084 
1.095 
1.385 
0.504 
1.740 
1.769 
1.909 
1.674 
1.801 
0.498 
1.244 
0.506 
1.652 
0.472 
0.786 
2.063 
0.375 
0.467 
0.252 
0.190 
0.217 
0.353 
1.530 
0.859 
2.291 
2.296 
1.036 
0.343 
0.353 
1.707 
0.307 
0.503 
0.298 
0.434 
0.331 
0.466 
1.332 
1.440 
1.354 
2.967 
1.793 
2.101 
3.638 
1.815 
1.441 
0.488 
0.331 
1.660 
2.166 
1.043 
1.085 
1.033 
0.529 
0.340 
1.383 
0.462 
0.538 
0.817 
0.636 
0.127 
1.475 
0.811 
1.332 
0.762 
0.719 
1.998 
1.579 
1.378 
0.442 
2.271 
0.529 
0.931 
1.231 
0.447 
0.761 
1.276 
0.967 
1.736 
0.587 
0.631 
1.688 
1.052 
0.164 
0.353 
1.904 
0.262 
1.705 
0.809 
1.298 
0.216 
1.622 
0.800 
0.460 
0.774 
0.462 
0.421 
0.561 
2.142 
3.098 
0.574 
0.710 
1.906 
0.521 
1.324 
0.298 
1.933 
1.359 
0.950 
1.594 
1.611 
0.964 
0.361 
0.244 
0.813 
0.492 
0.379 
1.102 
0.640 
0.916 
0.805 
1.391 
0.921 
1.873 
1.538 
0.455 
0.424 
1.616 
1.215 
0.387 
0.679 
0.938 
0.355 
1.234 
2.289 
0.467 
0.565 
0.506 
0.588 
0.841 
1.817 
0.831 
1.162 
1.010 
0.476 
0.533 
2.850 
3.316 
2.177 
0.932 
1.136 
1.125 
0.770 
1.868 
1.521 
0.519 
0.708 
1.032 
1.592 
2.198 
0.627 
3.493 
1.688 
1.824 
1.571 
1.600 
1.416 
2.104 
0.845 
1.108 
0.540 
0.364 
0.385 
0.865 
1.401 
0.030 
0.403 
0.842 
0.282 
0.653 
0.310 
1.733 
2.697 
0.424 
0.895 
0.582 
0.517 
0.308 
0.246 
0.453 
0.355 
1.464 
