291.925 
291.898 
292.065 
291.998 
292.009 
372.900 
372.940 
372.855 
352.018 
344.774 
344.870 
344.860 
344.809 
344.799 
271.320 
271.380 
271.377 
319.861 
319.970 
319.947 
319.927 
319.822 
319.922 
319.969 
320.026 
319.860 
319.933 
320.003 
319.962 
319.994 
319.911 
319.983 
319.879 
319.877 
271.184 
271.196 
271.353 
271.171 
271.213 
271.269 
271.417 
271.216 
271.210 
271.340 
271.313 
271.299 
271.278 
271.128 
271.065 
271.174 
343.466 
345.330 
271.736 
326.474 
326.338 
326.052 
326.284 
347.020 
347.102 
325.551 
277.678 
271.603 
271.512 
271.532 
271.460 
271.367 
271.198 
271.317 
271.500 
271.493 
276.857 
276.723 
332.551 
320.602 
278.595 
271.413 
271.296 
271.522 
289.876 
271.674 
271.381 
271.629 
273.748 
271.915 
289.461 
271.972 
271.389 
271.384 
271.424 
271.391 
290.688 
290.724 
290.721 
271.396 
271.459 
271.434 
271.462 
271.361 
290.635 
271.344 
271.237 
271.562 
271.407 
271.335 
271.389 
271.384 
271.306 
271.344 
271.423 
271.441 
271.288 
271.352 
271.417 
271.315 
271.329 
271.273 
271.335 
271.218 
271.175 
271.224 
271.427 
271.375 
271.389 
271.405 
272.201 
271.407 
282.912 
277.187 
271.923 
273.837 
274.516 
272.572 
271.527 
271.473 
271.631 
271.534 
271.546 
271.546 
271.458 
271.346 
271.376 
271.429 
271.434 
271.684 
271.493 
271.487 
271.557 
271.527 
271.644 
308.637 
297.968 
297.946 
298.021 
297.989 
298.085 
287.442 
287.379 
297.940 
290.735 
297.930 
271.543 
271.320 
271.302 
271.453 
271.472 
271.445 
271.416 
271.402 
271.455 
271.391 
271.232 
271.472 
271.285 
271.258 
271.252 
271.430 
271.346 
271.281 
271.278 
271.468 
271.452 
271.661 
271.412 
271.374 
271.277 
271.522 
271.384 
271.245 
271.294 
271.269 
271.435 
271.296 
271.226 
271.390 
271.517 
271.500 
271.337 
271.309 
271.365 
271.503 
271.481 
271.504 
271.436 
271.250 
271.346 
271.475 
271.372 
271.611 
271.332 
271.396 
312.900 
312.569 
312.695 
312.524 
271.285 
271.309 
271.299 
271.425 
271.470 
271.519 
272.037 
275.606 
271.628 
272.605 
276.716 
273.780 
271.628 
271.635 
271.462 
271.526 
271.561 
271.438 
271.396 
271.409 
271.603 
271.531 
271.565 
271.539 
264.068 
264.088 
264.044 
264.299 
264.233 
271.400 
274.003 
290.874 
271.538 
271.656 
277.457 
279.568 
271.650 
297.924 
298.025 
287.408 
297.849 
297.881 
297.892 
290.715 
290.571 
290.755 
290.750 
290.750 
290.833 
290.881 
271.484 
271.428 
271.444 
271.431 
297.928 
287.284 
287.691 
342.777 
342.908 
342.792 
313.378 
297.923 
297.859 
349.209 
331.054 
292.827 
297.730 
297.912 
297.863 
297.831 
297.672 
297.795 
297.704 
290.710 
290.575 
297.851 
271.468 
271.263 
321.494 
290.865 
290.807 
292.170 
312.089 
290.764 
290.904 
271.506 
271.391 
271.524 
271.429 
271.291 
271.525 
271.421 
271.465 
271.414 
271.303 
290.658 
290.667 
290.623 
290.583 
290.809 
271.490 
271.498 
271.320 
271.466 
271.436 
271.353 
297.913 
297.990 
287.428 
271.378 
271.379 
271.311 
271.474 
271.497 
271.279 
271.218 
271.466 
271.420 
271.457 
271.316 
271.250 
296.748 
296.715 
377.908 
296.770 
296.848 
296.781 
296.900 
296.782 
271.348 
271.239 
271.423 
271.378 
271.362 
271.265 
271.352 
271.364 
271.269 
271.378 
271.389 
271.468 
271.573 
271.251 
271.468 
271.412 
271.280 
271.309 
271.379 
271.438 
271.374 
271.527 
271.471 
271.348 
271.280 
271.298 
271.514 
271.237 
271.407 
271.423 
271.426 
271.448 
271.258 
271.512 
271.445 
271.365 
271.429 
271.399 
271.348 
271.646 
271.360 
271.378 
271.454 
271.331 
271.533 
271.467 
332.479 
331.218 
330.907 
281.689 
286.245 
272.184 
271.297 
271.803 
271.379 
271.202 
271.323 
271.355 
271.471 
271.401 
271.198 
271.497 
271.404 
272.105 
272.175 
272.177 
272.184 
327.002 
327.126 
327.079 
325.222 
272.171 
320.673 
272.173 
271.992 
271.975 
272.222 
272.060 
271.928 
271.995 
272.138 
272.202 
271.842 
272.014 
