50.646 
35.262 
35.213 
35.444 
35.252 
35.374 
35.242 
35.538 
46.004 
37.887 
35.607 
40.435 
36.566 
45.791 
112.284 
38.286 
36.121 
38.504 
35.402 
47.900 
45.364 
44.715 
35.785 
35.566 
37.359 
38.032 
45.086 
35.274 
35.162 
35.244 
35.270 
44.670 
35.607 
35.369 
42.644 
52.838 
35.418 
35.782 
37.585 
52.505 
36.901 
35.650 
37.397 
35.751 
35.579 
35.315 
35.346 
36.351 
35.363 
40.509 
36.637 
35.231 
35.360 
37.178 
37.810 
36.056 
38.959 
88.109 
71.099 
41.634 
42.349 
36.712 
40.860 
35.725 
35.683 
43.239 
35.614 
35.316 
44.479 
35.189 
35.273 
38.168 
53.678 
36.446 
36.845 
36.607 
35.218 
35.520 
42.555 
51.175 
42.823 
57.963 
179.354 
136.269 
92.790 
39.689 
40.514 
37.135 
35.681 
41.400 
36.173 
45.724 
35.569 
35.515 
39.614 
40.095 
35.576 
35.310 
35.156 
35.958 
35.621 
37.604 
36.128 
38.227 
92.138 
37.623 
46.937 
39.565 
43.643 
39.449 
44.833 
62.929 
50.092 
45.784 
35.711 
39.169 
35.199 
53.239 
36.251 
35.270 
49.852 
35.251 
36.454 
35.554 
35.649 
42.743 
47.079 
75.155 
128.292 
37.907 
54.630 
69.574 
157.507 
56.054 
37.979 
50.681 
42.517 
36.093 
35.263 
35.449 
35.243 
35.331 
47.028 
42.642 
40.394 
35.213 
35.229 
35.500 
35.256 
36.066 
58.540 
45.826 
37.979 
114.529 
41.821 
43.860 
37.975 
71.399 
35.551 
38.505 
36.422 
39.188 
36.178 
35.608 
36.084 
35.225 
35.342 
35.340 
35.635 
36.052 
37.380 
51.333 
35.387 
38.631 
35.328 
36.524 
35.399 
39.699 
54.126 
75.924 
36.597 
44.097 
36.423 
35.288 
38.887 
38.519 
35.881 
35.666 
35.216 
35.289 
35.685 
36.775 
35.355 
36.609 
35.896 
35.329 
35.316 
71.632 
35.377 
35.452 
39.260 
38.145 
38.493 
46.538 
45.903 
83.450 
43.312 
37.903 
35.919 
62.935 
35.487 
35.285 
35.211 
35.204 
27.190 
27.066 
27.231 
27.075 
27.051 
26.969 
27.353 
30.235 
40.366 
59.004 
38.710 
65.009 
31.096 
45.101 
118.580 
55.249 
28.038 
58.822 
28.199 
27.373 
27.276 
31.304 
27.081 
47.316 
27.367 
27.123 
27.226 
27.514 
27.693 
31.095 
28.841 
52.332 
81.978 
29.228 
65.182 
38.323 
47.545 
34.367 
70.030 
30.972 
47.527 
42.146 
33.295 
33.547 
28.469 
27.074 
34.981 
37.559 
32.603 
28.316 
27.380 
29.660 
29.470 
41.276 
28.390 
30.003 
31.575 
37.564 
44.170 
61.173 
60.858 
27.741 
27.878 
30.087 
28.727 
32.844 
34.441 
28.680 
27.668 
27.838 
43.989 
27.232 
27.050 
27.213 
37.266 
27.038 
27.326 
65.776 
27.399 
78.540 
38.406 
30.453 
35.796 
28.282 
39.145 
31.201 
143.597 
54.260 
30.314 
34.529 
27.136 
28.526 
27.201 
27.347 
27.108 
27.078 
27.737 
27.023 
27.122 
27.010 
37.981 
29.552 
31.542 
31.457 
27.928 
78.447 
32.863 
40.146 
36.117 
61.909 
37.475 
47.462 
27.116 
30.605 
27.199 
27.142 
28.234 
124.187 
30.382 
27.044 
27.018 
126.378 
27.097 
27.221 
30.703 
27.452 
94.730 
86.806 
27.659 
124.134 
27.300 
33.623 
57.853 
34.198 
29.042 
80.838 
27.333 
34.918 
27.202 
28.709 
29.316 
33.953 
27.170 
27.315 
27.100 
27.276 
27.158 
27.520 
27.037 
27.645 
33.164 
29.356 
58.157 
35.693 
27.801 
30.397 
34.949 
28.719 
30.447 
29.789 
30.526 
33.978 
34.631 
35.012 
29.219 
27.119 
28.027 
36.960 
32.020 
27.068 
27.037 
27.108 
31.827 
27.459 
27.068 
29.501 
120.140 
40.791 
41.210 
31.910 
79.282 
31.412 
32.194 
27.576 
27.789 
27.495 
29.453 
27.176 
27.718 
32.407 
27.221 
28.745 
26.963 
33.645 
28.144 
26.913 
26.983 
32.683 
34.865 
29.133 
150.525 
48.142 
102.171 
44.420 
33.526 
32.999 
30.910 
31.406 
27.896 
27.151 
27.322 
27.294 
