157.265 
157.527 
167.913 
162.462 
156.949 
155.407 
155.186 
155.203 
154.751 
158.798 
165.245 
155.871 
157.039 
154.916 
155.275 
156.658 
154.911 
154.886 
155.189 
154.909 
154.913 
154.946 
154.948 
154.965 
154.962 
158.011 
164.665 
155.026 
166.914 
154.840 
154.911 
155.504 
154.947 
154.986 
156.105 
157.689 
164.643 
156.455 
155.018 
159.807 
154.883 
154.942 
154.958 
155.018 
155.329 
154.962 
155.052 
154.979 
155.509 
154.956 
155.299 
155.079 
154.973 
155.034 
154.894 
155.077 
154.969 
160.241 
166.541 
154.947 
154.984 
160.776 
154.954 
154.873 
161.646 
154.894 
154.920 
154.857 
155.227 
155.398 
155.342 
155.281 
155.694 
156.076 
155.561 
155.596 
155.558 
155.180 
160.318 
156.555 
155.556 
156.345 
161.073 
154.961 
161.522 
155.226 
161.528 
156.711 
157.477 
155.370 
154.909 
154.922 
155.008 
156.896 
155.263 
154.989 
164.134 
155.013 
155.061 
154.961 
154.919 
154.926 
155.051 
155.080 
155.092 
154.911 
155.057 
155.382 
154.987 
155.130 
155.601 
154.861 
155.338 
154.865 
154.894 
155.359 
155.181 
159.731 
154.971 
155.350 
154.891 
155.947 
159.023 
155.310 
154.925 
156.971 
154.992 
155.287 
155.306 
154.904 
155.402 
155.293 
160.607 
155.552 
158.318 
154.824 
155.077 
154.857 
171.604 
172.545 
165.867 
164.613 
164.730 
168.518 
165.378 
164.783 
165.332 
159.478 
157.576 
158.297 
162.708 
157.520 
159.047 
156.912 
161.006 
175.504 
172.049 
160.349 
157.437 
155.748 
160.927 
154.794 
155.040 
154.823 
154.870 
161.980 
154.834 
158.518 
154.858 
154.857 
156.923 
154.871 
154.907 
163.503 
159.794 
161.316 
160.951 
160.505 
155.052 
158.076 
154.917 
155.496 
158.579 
155.188 
155.082 
154.882 
157.964 
157.566 
171.891 
158.003 
161.293 
174.733 
170.452 
159.336 
162.340 
156.311 
171.680 
155.054 
164.979 
156.460 
160.808 
160.457 
157.214 
157.818 
155.305 
155.400 
157.198 
157.567 
155.778 
154.927 
154.840 
155.280 
155.393 
158.148 
160.156 
155.171 
163.463 
156.516 
157.089 
157.017 
155.860 
156.634 
156.543 
156.594 
164.393 
154.957 
155.474 
156.496 
156.235 
155.080 
160.978 
155.346 
166.580 
154.961 
156.469 
156.302 
156.884 
159.103 
161.237 
162.479 
167.358 
155.568 
160.926 
161.804 
155.565 
155.109 
155.060 
155.446 
161.414 
160.705 
155.461 
157.967 
159.933 
154.944 
156.245 
155.294 
158.885 
165.380 
157.796 
155.654 
156.836 
158.364 
156.579 
158.400 
161.363 
155.639 
155.262 
156.627 
162.426 
155.846 
157.660 
156.420 
158.996 
159.372 
162.779 
156.829 
165.159 
160.757 
155.406 
155.627 
154.836 
161.827 
157.151 
155.259 
155.537 
158.866 
155.424 
158.787 
156.719 
155.802 
156.324 
156.440 
158.631 
156.495 
165.767 
157.090 
170.994 
162.354 
156.856 
157.691 
163.855 
156.593 
159.602 
159.939 
154.929 
157.717 
161.437 
166.722 
162.123 
160.149 
169.097 
162.816 
160.713 
168.012 
157.722 
160.104 
161.183 
156.847 
155.344 
155.142 
154.882 
155.811 
155.163 
157.151 
156.101 
154.873 
154.942 
154.897 
154.914 
155.671 
155.288 
155.098 
155.056 
161.894 
155.073 
162.035 
155.220 
155.151 
161.768 
160.054 
