226.395 
45.587 
73.105 
51.900 
60.918 
67.087 
71.259 
86.939 
69.165 
89.414 
52.037 
68.755 
54.533 
65.536 
71.943 
51.062 
489.087 
489.419 
169.410 
406.973 
257.190 
455.561 
246.104 
354.978 
63.454 
42.528 
67.585 
52.944 
55.371 
56.287 
54.832 
93.742 
71.174 
44.445 
64.821 
62.894 
63.846 
64.761 
63.849 
139.314 
158.652 
267.829 
177.298 
245.991 
244.226 
209.157 
246.218 
869.930 
124.409 
76.445 
55.514 
42.769 
54.779 
55.582 
73.424 
58.944 
54.762 
54.171 
49.431 
56.097 
84.788 
53.629 
77.883 
258.392 
916.332 
390.307 
336.427 
554.182 
326.856 
132.804 
481.909 
473.296 
852.921 
46.795 
48.868 
390.952 
59.337 
61.749 
67.995 
57.606 
57.938 
83.007 
67.318 
54.260 
49.430 
59.783 
59.610 
1048.776 
454.924 
659.174 
727.022 
428.200 
799.215 
269.539 
763.142 
49.539 
54.146 
52.794 
48.331 
56.668 
57.439 
43.836 
69.825 
83.183 
60.144 
249.496 
50.912 
72.242 
56.799 
56.317 
56.463 
372.103 
369.106 
1198.740 
780.831 
249.741 
301.234 
471.658 
472.802 
260.936 
124.454 
74.863 
65.684 
65.884 
57.800 
57.530 
67.232 
57.826 
45.001 
55.758 
45.576 
48.605 
78.685 
83.541 
63.311 
386.030 
495.394 
745.621 
388.388 
1341.584 
477.394 
653.433 
390.478 
43.745 
54.531 
57.460 
56.166 
44.169 
91.230 
52.689 
49.429 
67.620 
71.164 
57.571 
62.756 
52.836 
61.870 
61.443 
80.518 
868.758 
287.639 
189.442 
192.936 
263.362 
1459.985 
352.904 
391.437 
923.706 
673.267 
138.786 
89.014 
56.362 
104.386 
105.595 
49.731 
118.934 
51.357 
45.181 
60.311 
47.512 
81.128 
62.770 
262.104 
382.885 
309.377 
349.954 
57.699 
346.084 
415.323 
497.234 
273.655 
43.821 
63.381 
71.048 
62.436 
43.882 
59.952 
54.946 
55.247 
71.714 
66.814 
57.027 
66.725 
108.754 
53.754 
60.816 
254.125 
350.905 
211.872 
344.291 
301.924 
714.665 
660.632 
403.497 
246.306 
422.995 
358.476 
67.845 
79.771 
56.144 
68.677 
65.161 
55.821 
52.620 
56.070 
79.285 
55.790 
56.149 
53.305 
57.385 
937.072 
494.377 
238.547 
675.847 
1509.079 
344.691 
500.906 
321.810 
498.018 
160.318 
168.490 
450.196 
360.060 
400.483 
614.098 
82.252 
64.024 
54.133 
87.724 
57.697 
56.442 
58.567 
56.842 
73.690 
655.671 
295.488 
261.777 
135.725 
532.934 
306.298 
754.333 
258.853 
424.362 
388.130 
554.059 
218.363 
101.831 
449.633 
232.013 
56.929 
54.303 
61.312 
80.226 
59.200 
58.534 
58.039 
78.399 
174.928 
663.954 
1670.152 
706.777 
572.677 
272.348 
455.679 
450.702 
403.193 
61.248 
59.669 
68.429 
66.346 
56.746 
55.944 
60.001 
55.783 
56.284 
56.967 
58.464 
54.868 
69.378 
75.505 
57.453 
324.054 
442.587 
225.050 
278.165 
408.432 
530.699 
396.975 
98.744 
589.559 
56.414 
54.081 
54.865 
57.606 
54.833 
56.809 
60.658 
91.350 
73.593 
52.642 
55.946 
84.341 
61.584 
59.490 
1031.856 
287.759 
159.038 
85.291 
152.981 
497.453 
226.255 
185.962 
190.062 
196.480 
63.074 
67.054 
144.416 
64.199 
56.084 
65.113 
82.942 
55.325 
55.162 
55.701 
56.865 
55.154 
54.970 
68.131 
432.758 
330.859 
230.755 
1635.581 
313.761 
216.638 
543.312 
192.260 
396.203 
53.681 
54.347 
62.052 
62.393 
55.859 
55.832 
54.625 
58.865 
56.547 
58.594 
55.782 
58.755 
58.522 
79.694 
225.499 
998.179 
943.750 
219.579 
760.360 
157.095 
401.616 
279.283 
357.315 
55.362 
54.141 
56.734 
56.055 
59.207 
55.125 
55.759 
59.463 
57.901 
70.275 
73.949 
75.893 
59.627 
55.895 
67.625 
295.149 
216.318 
342.480 
127.476 
236.048 
125.602 
183.518 
161.777 
344.745 
280.159 
93.787 
391.440 
57.568 
89.035 
51.869 
57.885 
159.110 
62.029 
65.812 
58.681 
53.977 
94.777 
64.121 
56.577 
556.593 
103.375 
158.504 
227.535 
73.781 
