54.629 
54.600 
54.335 
54.477 
55.210 
54.450 
54.387 
54.303 
54.596 
54.783 
54.060 
54.268 
54.861 
54.369 
54.131 
54.391 
54.168 
54.095 
54.384 
94.263 
56.765 
54.769 
54.053 
54.212 
54.155 
54.194 
54.146 
54.179 
54.478 
54.416 
55.813 
54.996 
55.389 
54.681 
54.423 
54.640 
59.513 
58.064 
61.149 
54.478 
54.177 
54.677 
54.593 
55.372 
54.600 
55.414 
55.540 
54.416 
54.306 
54.310 
54.027 
54.213 
54.141 
54.173 
54.171 
54.403 
59.326 
54.433 
55.209 
55.771 
62.217 
54.272 
54.502 
54.061 
54.182 
54.678 
55.713 
55.370 
55.887 
57.023 
54.388 
54.644 
54.628 
60.377 
54.568 
54.647 
54.422 
54.524 
56.047 
57.915 
59.619 
57.125 
54.900 
61.593 
63.693 
54.243 
54.307 
57.249 
54.335 
54.128 
54.257 
54.234 
59.308 
54.232 
55.399 
54.229 
61.993 
54.340 
54.146 
54.220 
54.076 
54.059 
54.616 
54.361 
54.805 
56.183 
55.070 
55.457 
55.282 
93.318 
55.512 
55.042 
54.767 
56.300 
54.494 
54.512 
57.042 
56.933 
55.144 
54.723 
54.577 
55.140 
55.220 
54.090 
54.273 
54.049 
69.274 
54.165 
54.269 
57.125 
54.466 
55.374 
54.409 
55.859 
54.060 
54.200 
56.942 
54.289 
55.174 
54.254 
54.203 
54.574 
54.933 
54.450 
55.108 
54.883 
54.691 
54.482 
54.280 
54.633 
54.561 
64.757 
54.435 
57.411 
54.428 
55.031 
54.991 
55.070 
54.300 
54.254 
59.873 
55.098 
54.109 
55.578 
54.354 
63.625 
54.243 
54.440 
54.109 
54.142 
56.092 
54.213 
54.113 
54.184 
54.288 
54.245 
54.144 
54.149 
54.335 
55.320 
55.708 
55.834 
55.252 
58.462 
54.561 
54.721 
54.560 
54.722 
54.867 
54.834 
54.499 
54.997 
54.533 
54.503 
54.776 
54.824 
54.503 
54.719 
54.888 
54.258 
54.271 
54.686 
54.360 
60.857 
56.339 
54.866 
57.943 
54.495 
54.196 
54.185 
54.229 
54.206 
54.112 
54.557 
57.532 
54.707 
54.866 
55.493 
54.691 
54.740 
54.934 
58.162 
54.691 
60.075 
56.105 
70.325 
61.619 
57.029 
54.521 
61.750 
55.071 
55.298 
54.394 
54.823 
54.751 
58.848 
55.308 
54.351 
54.754 
54.680 
54.316 
54.257 
54.100 
54.099 
54.115 
54.341 
55.298 
54.522 
63.447 
54.167 
54.616 
54.065 
54.372 
60.086 
54.075 
54.202 
54.235 
54.200 
54.836 
54.249 
54.060 
54.258 
54.230 
54.035 
54.183 
54.537 
54.315 
56.735 
54.292 
54.044 
54.251 
54.284 
54.295 
54.447 
100.980 
54.063 
54.375 
54.432 
54.561 
55.954 
54.325 
54.334 
54.130 
54.461 
54.116 
54.242 
54.057 
54.113 
54.123 
59.840 
54.037 
54.186 
54.204 
54.132 
54.039 
54.248 
54.309 
54.340 
54.029 
54.342 
54.151 
54.290 
54.143 
54.023 
56.026 
54.068 
54.373 
54.070 
54.134 
54.286 
54.191 
54.179 
54.188 
54.088 
54.337 
54.100 
54.185 
54.196 
54.388 
54.734 
54.212 
54.282 
54.058 
54.251 
54.130 
54.110 
54.309 
55.245 
54.465 
54.564 
54.150 
54.299 
54.466 
54.134 
54.370 
54.319 
54.153 
54.036 
54.114 
54.029 
54.093 
54.180 
54.527 
54.169 
54.377 
54.054 
54.313 
54.413 
54.111 
54.237 
54.230 
54.252 
54.378 
54.431 
54.268 
54.012 
54.218 
54.229 
54.288 
54.385 
54.208 
54.027 
54.021 
54.110 
54.161 
59.975 
54.092 
54.135 
56.850 
55.676 
54.200 
59.224 
54.037 
54.120 
54.036 
54.914 
54.338 
54.421 
54.085 
54.997 
54.054 
57.072 
54.443 
54.213 
54.014 
54.029 
54.462 
54.068 
54.255 
54.510 
54.392 
61.722 
54.542 
54.241 
54.171 
54.133 
58.730 
54.180 
66.126 
58.833 
54.275 
57.117 
54.180 
54.828 
54.408 
54.150 
54.193 
54.367 
54.100 
54.227 
54.153 
69.914 
54.134 
54.289 
55.039 
79.912 
69.074 
63.248 
54.552 
54.764 
57.077 
54.390 
66.143 
54.263 
55.857 
54.312 
