205.216 
206.160 
205.924 
206.123 
206.144 
205.551 
206.015 
206.001 
205.344 
202.100 
211.857 
214.580 
205.056 
204.899 
204.904 
205.387 
205.618 
205.144 
205.095 
205.492 
204.779 
205.147 
205.704 
204.761 
214.578 
215.110 
215.357 
215.365 
215.822 
215.799 
204.865 
205.004 
205.092 
205.513 
206.219 
205.976 
205.585 
206.599 
205.479 
206.017 
205.856 
205.517 
205.360 
205.599 
206.021 
205.478 
205.831 
206.102 
205.650 
205.529 
205.559 
205.554 
205.188 
205.425 
204.904 
206.181 
205.162 
204.870 
205.513 
205.417 
204.939 
206.140 
205.864 
205.551 
205.601 
205.631 
205.256 
206.131 
205.593 
205.521 
205.486 
205.490 
205.463 
205.616 
205.494 
205.485 
206.169 
205.508 
205.007 
206.005 
205.620 
205.358 
205.685 
205.979 
204.753 
204.785 
205.366 
205.316 
205.844 
205.048 
205.007 
207.146 
205.176 
204.893 
205.400 
204.803 
204.819 
204.853 
205.239 
205.384 
205.296 
205.739 
204.826 
205.549 
204.995 
205.357 
205.378 
205.566 
205.669 
205.669 
205.925 
205.143 
205.484 
205.492 
205.510 
205.537 
204.871 
205.391 
206.056 
205.478 
204.832 
205.683 
204.802 
204.832 
204.960 
205.723 
204.854 
205.949 
206.114 
205.583 
205.401 
204.838 
204.898 
204.873 
205.203 
205.342 
205.429 
205.871 
205.199 
205.062 
205.080 
204.889 
205.626 
205.225 
205.869 
206.094 
205.628 
205.344 
205.790 
206.089 
205.595 
204.795 
204.844 
204.779 
204.767 
205.077 
205.332 
205.354 
204.901 
205.430 
206.262 
205.514 
204.992 
204.807 
206.355 
205.384 
205.760 
204.857 
205.108 
205.471 
205.296 
206.237 
206.151 
205.462 
205.551 
205.457 
205.085 
205.553 
205.512 
204.895 
205.326 
205.017 
205.410 
205.577 
219.714 
204.901 
205.368 
205.621 
206.350 
205.474 
205.405 
205.884 
205.311 
205.307 
206.109 
205.461 
204.938 
206.489 
205.460 
205.363 
204.948 
204.821 
204.802 
204.831 
205.337 
204.906 
205.716 
205.319 
218.490 
205.263 
205.436 
205.783 
205.805 
205.715 
205.479 
205.873 
205.400 
205.333 
205.829 
205.495 
205.893 
205.543 
205.446 
205.003 
204.947 
204.764 
205.886 
204.786 
204.757 
204.800 
204.884 
205.287 
205.668 
205.554 
205.538 
204.935 
204.812 
204.745 
205.369 
205.141 
205.322 
205.972 
205.972 
205.187 
205.279 
204.917 
204.807 
204.803 
204.941 
206.042 
205.263 
207.266 
205.508 
205.448 
205.780 
205.092 
205.023 
204.821 
205.280 
205.428 
206.056 
205.402 
205.618 
205.534 
205.730 
205.469 
205.513 
205.425 
205.380 
206.125 
205.327 
205.244 
206.150 
204.800 
204.855 
205.704 
205.384 
205.341 
205.094 
205.346 
204.698 
205.267 
205.696 
205.403 
205.774 
205.965 
205.435 
205.889 
205.307 
205.607 
204.815 
204.734 
204.836 
205.164 
205.925 
205.516 
205.677 
205.498 
205.496 
205.505 
205.448 
205.188 
204.769 
206.155 
205.482 
205.746 
205.461 
205.725 
206.556 
205.480 
207.514 
205.542 
206.266 
205.459 
205.016 
205.019 
205.481 
205.838 
204.868 
204.793 
205.991 
205.731 
205.322 
205.010 
207.680 
205.988 
204.689 
204.988 
227.889 
214.116 
214.686 
225.457 
216.063 
214.321 
214.215 
215.078 
215.749 
214.212 
214.337 
214.240 
