205.079 
205.533 
206.251 
205.818 
206.170 
205.525 
206.220 
206.202 
205.961 
202.624 
211.873 
214.854 
204.891 
204.974 
204.871 
206.002 
205.393 
204.927 
205.450 
205.976 
205.306 
205.275 
205.214 
204.792 
215.295 
215.210 
215.402 
215.853 
215.356 
215.442 
212.902 
205.489 
204.919 
205.971 
205.365 
206.606 
205.993 
205.671 
205.481 
205.499 
205.866 
205.436 
206.208 
206.058 
205.769 
205.418 
205.518 
206.319 
206.129 
205.697 
205.535 
205.592 
205.557 
205.251 
205.930 
205.477 
205.441 
205.051 
205.399 
205.301 
204.869 
205.540 
205.724 
205.542 
205.900 
205.531 
205.695 
205.499 
206.061 
205.501 
206.235 
205.595 
205.658 
206.092 
205.732 
205.790 
205.526 
205.381 
204.776 
205.027 
205.559 
205.645 
205.431 
205.421 
204.755 
205.665 
205.070 
205.754 
205.855 
205.268 
205.521 
206.293 
205.439 
205.333 
205.347 
204.839 
205.719 
204.941 
204.961 
205.051 
204.884 
204.805 
204.893 
206.360 
204.790 
204.847 
204.822 
205.849 
206.114 
205.468 
205.703 
205.566 
206.051 
205.453 
206.146 
205.865 
204.847 
205.643 
205.432 
205.973 
204.805 
204.865 
204.821 
205.227 
204.925 
204.767 
204.826 
205.341 
205.390 
205.464 
205.315 
205.530 
205.134 
204.815 
204.762 
205.475 
205.322 
206.153 
204.809 
205.140 
205.073 
204.828 
205.546 
205.181 
206.181 
216.782 
205.506 
205.352 
205.441 
205.347 
205.020 
206.113 
205.123 
204.875 
205.405 
204.785 
205.398 
204.827 
205.380 
205.444 
206.174 
206.591 
206.764 
204.838 
205.837 
205.560 
205.467 
215.168 
204.844 
205.424 
205.519 
206.295 
205.357 
205.499 
206.136 
205.376 
204.984 
205.186 
205.627 
204.834 
205.403 
205.309 
204.809 
205.970 
205.535 
205.431 
213.665 
205.700 
205.908 
205.423 
205.475 
205.466 
205.428 
205.405 
205.637 
205.386 
205.543 
205.352 
213.554 
205.796 
205.711 
204.782 
204.823 
204.754 
204.877 
204.900 
206.012 
205.294 
205.424 
205.893 
205.787 
205.954 
205.891 
205.479 
206.044 
205.630 
205.677 
206.582 
206.014 
205.944 
205.707 
206.252 
206.035 
204.889 
204.733 
205.106 
205.782 
206.057 
205.006 
205.285 
204.804 
205.342 
205.622 
205.029 
205.555 
205.246 
204.799 
204.779 
204.776 
204.846 
204.734 
205.419 
205.382 
205.910 
204.837 
204.742 
204.928 
204.820 
205.002 
205.764 
205.295 
206.050 
205.552 
205.845 
205.396 
205.607 
205.234 
204.787 
205.185 
204.835 
205.362 
205.457 
205.434 
205.506 
205.521 
205.579 
205.446 
205.608 
205.409 
205.977 
204.790 
205.318 
205.867 
205.560 
204.876 
204.783 
205.065 
205.470 
204.822 
204.797 
205.184 
205.020 
204.909 
205.308 
205.332 
206.074 
205.440 
205.548 
205.924 
205.685 
204.721 
205.243 
204.763 
204.765 
204.745 
205.653 
206.020 
205.499 
205.459 
205.463 
205.476 
205.355 
204.977 
205.975 
206.192 
205.531 
205.465 
205.934 
205.556 
205.629 
218.346 
206.139 
206.003 
205.872 
205.245 
204.829 
205.231 
205.676 
205.024 
205.351 
205.124 
205.154 
205.009 
205.413 
204.976 
205.387 
205.484 
205.261 
205.795 
221.008 
214.271 
214.850 
214.724 
215.076 
226.954 
215.311 
214.739 
214.506 
214.314 
214.496 
205.133 
