35.447 
36.526 
35.229 
35.182 
35.520 
44.170 
35.816 
35.251 
35.514 
37.858 
39.627 
36.186 
37.522 
38.570 
88.608 
35.433 
37.192 
36.784 
35.692 
35.615 
35.311 
35.638 
39.756 
35.285 
36.638 
35.226 
35.652 
36.791 
38.176 
35.973 
35.263 
51.865 
35.336 
35.340 
40.293 
35.331 
43.992 
48.734 
36.151 
35.340 
38.446 
36.416 
41.472 
35.777 
35.270 
35.641 
36.907 
35.331 
35.261 
35.918 
35.967 
35.181 
35.360 
39.613 
36.025 
104.739 
42.039 
49.167 
51.562 
40.851 
55.677 
59.019 
106.989 
35.562 
35.308 
64.231 
35.410 
36.792 
35.397 
35.547 
35.254 
37.043 
35.505 
35.590 
35.324 
35.151 
36.777 
36.470 
42.549 
46.889 
64.454 
38.255 
60.090 
72.312 
103.149 
45.215 
61.685 
36.635 
42.091 
35.647 
35.367 
35.447 
44.760 
36.259 
44.789 
36.965 
35.716 
35.240 
35.372 
35.386 
36.018 
35.496 
39.817 
39.351 
48.980 
87.068 
123.092 
63.204 
55.446 
36.021 
65.067 
43.874 
39.132 
35.834 
35.363 
37.805 
35.262 
35.301 
35.251 
35.244 
35.621 
35.548 
36.034 
35.232 
35.286 
35.565 
39.897 
155.208 
43.119 
63.808 
37.558 
84.183 
93.044 
53.638 
41.062 
39.527 
36.471 
35.469 
35.714 
36.057 
35.416 
35.355 
35.567 
35.360 
35.776 
35.244 
35.328 
35.278 
35.403 
35.699 
48.058 
41.068 
36.523 
55.316 
47.181 
43.423 
38.659 
46.770 
97.619 
35.898 
36.156 
35.292 
72.101 
35.572 
35.232 
35.338 
43.155 
35.193 
35.292 
35.266 
35.456 
35.251 
35.447 
37.258 
36.026 
36.162 
35.632 
36.266 
36.031 
37.705 
35.949 
35.656 
36.106 
35.723 
35.647 
133.777 
35.307 
35.481 
35.339 
35.479 
36.011 
35.394 
42.493 
35.403 
36.130 
35.250 
35.307 
35.386 
35.221 
35.383 
38.196 
35.378 
37.122 
79.865 
39.136 
45.433 
35.716 
58.737 
41.597 
35.269 
35.238 
35.313 
35.344 
35.191 
27.592 
27.168 
27.250 
27.240 
27.217 
27.068 
28.296 
30.387 
29.959 
48.653 
71.412 
52.433 
85.003 
53.415 
42.148 
32.759 
36.435 
27.761 
27.829 
28.351 
27.795 
30.744 
34.218 
41.799 
36.990 
30.622 
27.622 
27.127 
27.398 
28.683 
27.518 
28.368 
42.991 
46.132 
52.086 
78.218 
36.720 
38.374 
54.846 
39.454 
27.593 
34.154 
35.915 
27.550 
27.055 
27.141 
27.134 
27.928 
29.079 
27.036 
30.015 
32.165 
29.782 
30.138 
27.232 
55.190 
37.975 
66.737 
75.217 
58.973 
53.644 
29.793 
28.151 
69.660 
34.250 
38.368 
55.837 
28.871 
27.123 
27.448 
40.880 
27.407 
27.136 
27.338 
27.106 
27.126 
29.499 
34.843 
27.194 
58.358 
32.598 
42.540 
133.447 
105.808 
32.028 
31.545 
27.477 
33.992 
30.311 
27.504 
27.681 
27.334 
27.171 
27.074 
27.190 
27.605 
27.178 
27.227 
33.920 
27.130 
27.058 
28.063 
32.108 
33.186 
90.597 
28.583 
108.235 
48.144 
32.417 
40.194 
52.148 
27.275 
27.137 
40.890 
27.170 
28.464 
32.926 
27.274 
27.747 
34.061 
27.095 
121.353 
27.269 
27.077 
51.045 
35.831 
28.524 
28.081 
27.894 
122.926 
32.803 
27.805 
27.967 
27.337 
84.556 
72.797 
27.786 
27.360 
60.002 
34.709 
27.239 
27.170 
35.780 
27.179 
27.281 
27.137 
27.197 
27.040 
27.581 
27.048 
27.068 
27.214 
28.052 
27.558 
27.094 
33.658 
28.465 
98.768 
35.438 
34.659 
39.875 
28.860 
27.598 
27.593 
27.099 
27.424 
27.183 
27.243 
31.570 
27.011 
27.038 
27.172 
27.052 
28.079 
49.927 
28.449 
50.189 
56.348 
33.094 
40.051 
30.323 
32.134 
39.466 
29.567 
124.823 
27.924 
37.351 
27.085 
27.152 
27.173 
27.161 
37.570 
27.048 
44.139 
27.328 
28.056 
27.034 
26.973 
27.670 
39.487 
31.571 
50.368 
46.506 
60.013 
48.825 
29.321 
27.830 
30.058 
28.762 
27.496 
27.425 
30.930 
