54.093 
54.062 
54.242 
54.065 
54.236 
54.077 
54.113 
54.489 
54.226 
54.741 
54.385 
55.425 
54.131 
54.551 
54.641 
54.975 
55.192 
54.604 
54.886 
55.699 
57.886 
54.626 
54.986 
54.888 
55.011 
54.798 
54.842 
54.652 
54.617 
54.893 
54.129 
54.279 
54.294 
54.761 
54.040 
55.996 
54.257 
54.239 
54.487 
54.249 
54.292 
54.074 
54.367 
54.240 
54.333 
54.085 
54.381 
54.373 
54.765 
54.377 
54.741 
54.485 
54.650 
54.866 
101.239 
54.555 
54.685 
54.793 
54.644 
62.595 
55.148 
54.478 
54.399 
54.748 
54.380 
54.243 
54.486 
55.987 
55.407 
54.396 
54.448 
54.129 
54.481 
54.596 
55.358 
54.335 
54.131 
54.043 
54.218 
54.310 
57.029 
59.975 
54.120 
64.238 
54.299 
70.540 
54.731 
54.921 
54.938 
54.551 
54.591 
54.880 
75.763 
94.979 
54.360 
55.131 
55.205 
54.578 
54.577 
54.691 
54.897 
54.441 
54.676 
58.985 
54.805 
57.833 
59.521 
58.645 
54.674 
55.312 
54.873 
54.450 
56.819 
54.615 
56.096 
54.114 
54.311 
54.119 
54.582 
54.103 
54.640 
54.896 
55.278 
103.935 
54.519 
55.061 
54.234 
54.791 
54.964 
54.449 
63.204 
54.684 
56.787 
54.425 
54.572 
55.181 
55.933 
56.347 
54.717 
54.174 
55.357 
54.209 
54.172 
54.150 
54.342 
54.327 
99.608 
54.464 
54.274 
54.830 
54.233 
54.418 
54.067 
54.294 
54.696 
54.804 
54.676 
81.316 
54.570 
54.593 
55.450 
58.069 
57.929 
54.812 
54.823 
54.776 
58.440 
58.508 
54.935 
54.391 
55.065 
54.554 
54.823 
55.013 
54.411 
58.364 
54.223 
54.355 
58.895 
54.906 
54.221 
56.187 
54.199 
54.175 
56.619 
54.399 
54.100 
54.726 
54.530 
54.740 
54.498 
66.615 
54.722 
55.789 
54.517 
57.459 
55.152 
54.744 
54.521 
54.497 
54.472 
54.424 
54.918 
54.702 
54.879 
54.905 
54.944 
54.987 
54.486 
56.916 
54.806 
63.916 
54.468 
54.238 
54.039 
54.064 
54.079 
54.149 
54.178 
54.360 
54.045 
54.725 
54.393 
58.930 
54.290 
81.836 
59.735 
63.662 
60.046 
68.380 
54.848 
54.491 
56.047 
60.724 
55.327 
54.369 
54.991 
54.895 
54.470 
55.538 
60.463 
54.067 
54.473 
54.466 
54.804 
54.330 
54.133 
54.419 
60.877 
54.321 
55.712 
58.196 
54.276 
54.227 
55.714 
54.644 
54.068 
54.348 
61.653 
55.409 
54.111 
54.426 
54.574 
54.169 
54.320 
54.168 
60.596 
54.157 
54.194 
54.424 
59.654 
54.477 
54.154 
54.268 
54.432 
54.121 
54.169 
58.018 
54.216 
54.058 
54.249 
54.328 
54.038 
54.191 
54.233 
54.189 
54.254 
54.250 
54.055 
54.151 
54.067 
54.063 
54.327 
54.396 
54.294 
57.842 
54.207 
54.150 
54.105 
54.065 
54.142 
54.125 
94.764 
54.011 
54.195 
59.244 
54.344 
54.061 
54.182 
54.235 
57.958 
54.163 
54.361 
54.447 
54.047 
54.376 
54.216 
54.450 
54.044 
54.200 
54.241 
54.447 
100.555 
58.091 
54.206 
54.041 
54.174 
54.347 
54.341 
54.071 
54.383 
54.820 
54.028 
54.121 
54.247 
54.217 
54.035 
54.062 
54.526 
54.268 
54.308 
64.529 
54.379 
54.205 
54.353 
54.320 
54.040 
54.309 
54.349 
54.201 
54.678 
54.371 
54.386 
54.149 
54.188 
54.232 
54.081 
54.256 
54.338 
54.409 
54.290 
54.029 
54.120 
54.238 
54.020 
54.298 
54.873 
54.138 
54.200 
54.299 
54.218 
54.189 
54.333 
57.040 
54.396 
54.347 
58.923 
54.430 
54.153 
66.736 
59.737 
54.041 
54.097 
54.113 
54.103 
55.129 
54.085 
54.049 
57.039 
54.092 
55.132 
55.126 
58.227 
55.122 
58.053 
54.944 
54.414 
54.277 
54.603 
54.080 
54.294 
54.355 
57.025 
54.404 
57.240 
54.137 
54.056 
54.994 
54.123 
54.290 
54.434 
54.070 
54.421 
54.113 
54.161 
54.628 
54.326 
61.095 
54.577 
55.139 
54.575 
58.244 
54.428 
62.425 
54.439 
74.447 
54.421 
