212.393 
209.490 
213.245 
210.074 
217.316 
208.877 
211.437 
209.446 
211.120 
221.132 
208.837 
209.779 
211.990 
210.475 
213.652 
219.519 
212.995 
211.887 
215.997 
216.895 
215.510 
211.821 
213.589 
218.096 
209.988 
208.679 
209.612 
210.945 
208.718 
209.561 
208.602 
209.173 
221.199 
212.184 
235.031 
209.318 
213.382 
210.152 
208.768 
214.823 
213.150 
209.016 
209.057 
297.410 
314.198 
208.695 
213.166 
208.973 
214.396 
238.942 
208.605 
212.409 
216.971 
214.802 
215.793 
263.889 
214.491 
216.673 
210.008 
210.125 
211.579 
214.593 
225.376 
208.479 
209.972 
312.461 
212.556 
242.028 
213.551 
214.301 
211.005 
211.831 
208.914 
208.912 
214.597 
209.697 
208.777 
208.806 
210.449 
230.414 
210.304 
209.480 
212.047 
210.043 
209.562 
209.161 
282.147 
221.629 
221.453 
208.947 
211.730 
216.404 
209.031 
210.678 
209.596 
209.304 
215.590 
212.260 
238.918 
217.572 
240.680 
211.893 
208.571 
208.650 
216.806 
210.743 
209.068 
208.614 
208.571 
210.772 
211.832 
208.838 
209.104 
209.754 
208.809 
210.053 
250.875 
240.375 
211.767 
348.805 
237.461 
215.009 
236.160 
211.430 
209.588 
212.176 
209.358 
279.632 
212.280 
210.233 
209.079 
231.435 
209.425 
222.412 
209.921 
208.543 
210.286 
267.547 
208.739 
214.285 
209.323 
337.795 
210.406 
209.991 
208.819 
217.405 
208.845 
208.922 
212.437 
210.747 
209.007 
208.833 
209.077 
209.384 
210.470 
210.941 
212.437 
208.671 
209.122 
209.020 
209.694 
208.905 
280.252 
282.940 
283.228 
209.414 
280.001 
208.898 
233.049 
213.210 
209.590 
250.256 
208.716 
215.849 
212.596 
209.679 
213.596 
208.762 
208.802 
214.834 
208.549 
208.372 
208.405 
208.363 
208.545 
215.486 
208.835 
208.458 
210.195 
211.188 
209.399 
208.709 
216.244 
272.651 
208.607 
208.625 
211.913 
208.860 
208.559 
235.888 
213.007 
208.996 
218.612 
209.072 
212.782 
208.662 
292.879 
208.642 
208.489 
209.549 
196.551 
196.765 
196.264 
243.435 
196.750 
199.466 
196.773 
196.376 
198.164 
206.440 
204.419 
244.070 
196.579 
199.952 
259.165 
197.944 
198.558 
196.932 
199.697 
202.298 
200.472 
200.607 
212.892 
199.628 
205.837 
207.155 
202.639 
199.411 
204.133 
238.379 
204.207 
199.627 
197.452 
197.589 
205.222 
199.942 
284.647 
197.531 
198.117 
196.017 
196.210 
198.103 
197.105 
196.260 
195.982 
199.332 
191.534 
205.506 
201.711 
204.182 
213.551 
198.693 
201.144 
205.722 
199.757 
197.794 
203.381 
197.402 
196.029 
196.159 
197.890 
196.038 
198.649 
200.103 
205.221 
209.428 
218.942 
208.634 
217.832 
206.432 
257.149 
198.490 
199.050 
211.499 
199.466 
301.204 
275.271 
213.917 
198.028 
309.737 
197.826 
198.275 
203.716 
196.685 
197.181 
196.358 
199.629 
200.643 
199.299 
197.720 
201.828 
197.799 
230.532 
213.949 
200.273 
200.296 
271.843 
281.998 
245.537 
211.900 
200.923 
200.073 
198.618 
196.933 
206.759 
198.085 
198.325 
205.189 
215.131 
196.885 
200.061 
196.201 
200.730 
199.181 
196.831 
205.770 
209.198 
199.692 
200.928 
202.097 
225.768 
201.679 
198.759 
197.030 
201.259 
199.048 
196.857 
198.082 
198.087 
196.246 
197.238 
197.494 
197.543 
201.230 
197.691 
203.521 
196.831 
198.584 
196.998 
198.535 
201.003 
197.335 
199.641 
197.559 
198.847 
206.088 
208.024 
198.189 
197.905 
198.954 
204.406 
247.726 
197.034 
206.521 
196.158 
197.821 
199.452 
197.952 
197.421 
197.063 
200.080 
198.189 
207.188 
197.026 
201.222 
196.526 
197.080 
198.273 
200.952 
197.835 
200.749 
197.469 
209.920 
257.683 
235.328 
198.311 
209.642 
202.196 
198.714 
199.505 
196.515 
196.176 
212.072 
203.341 
207.990 
208.388 
201.332 
202.430 
211.070 
207.877 
197.108 
209.514 
199.791 
292.360 
196.878 
201.811 
196.545 
196.596 
202.839 
196.325 
202.289 
196.314 
196.111 
184.255 
190.792 
184.241 
196.423 
186.320 
191.155 
183.739 
184.036 
190.625 
187.928 
295.343 
216.555 
196.419 
