292.126 
291.997 
292.037 
292.148 
291.977 
292.006 
372.783 
372.934 
372.822 
344.701 
344.717 
344.815 
344.765 
344.916 
271.287 
271.312 
271.307 
319.899 
319.967 
319.930 
319.975 
319.863 
319.831 
319.928 
319.822 
319.807 
319.940 
319.862 
319.856 
319.946 
319.906 
319.965 
319.943 
319.896 
271.255 
271.244 
271.303 
271.167 
271.096 
271.337 
271.356 
271.320 
271.362 
271.288 
271.134 
271.082 
271.081 
271.136 
271.145 
271.106 
343.403 
343.470 
271.234 
326.130 
326.384 
326.330 
325.461 
346.951 
346.944 
324.764 
328.479 
271.411 
271.456 
271.588 
271.300 
271.334 
271.320 
271.340 
271.445 
271.414 
276.575 
276.834 
276.810 
319.847 
327.001 
271.362 
271.382 
271.898 
273.083 
271.417 
271.429 
272.116 
277.240 
276.796 
276.307 
271.418 
271.446 
271.490 
271.290 
271.413 
290.652 
290.703 
290.753 
271.296 
271.334 
271.375 
271.427 
271.403 
290.589 
271.319 
271.311 
271.387 
271.262 
271.538 
271.409 
271.355 
271.502 
271.320 
271.487 
271.466 
271.444 
271.399 
271.293 
271.287 
271.346 
271.292 
271.156 
271.254 
271.243 
271.425 
271.307 
271.479 
271.372 
271.461 
271.827 
271.917 
274.675 
293.687 
271.279 
271.785 
274.354 
275.628 
322.156 
271.438 
271.567 
271.446 
271.426 
271.588 
271.543 
271.526 
271.494 
271.591 
271.538 
276.346 
271.384 
271.351 
271.504 
271.399 
271.523 
297.640 
297.916 
298.041 
298.063 
297.911 
297.853 
287.482 
287.467 
297.803 
290.881 
297.773 
271.383 
271.308 
271.359 
271.444 
271.270 
271.386 
271.496 
271.366 
271.412 
271.330 
271.255 
271.345 
271.485 
271.320 
271.261 
271.449 
271.302 
271.391 
271.381 
271.405 
271.412 
271.399 
271.254 
271.382 
271.326 
271.462 
271.190 
271.312 
271.379 
271.416 
271.235 
271.271 
271.359 
271.292 
271.402 
271.252 
271.257 
271.542 
271.491 
271.497 
271.238 
271.336 
271.345 
271.501 
271.269 
271.258 
271.284 
271.444 
271.267 
271.383 
312.610 
312.597 
312.628 
312.702 
271.332 
271.374 
271.251 
271.443 
271.437 
271.418 
271.995 
279.180 
272.496 
271.539 
272.612 
273.212 
272.708 
271.473 
271.369 
271.356 
271.493 
271.379 
271.346 
271.229 
271.455 
271.395 
271.421 
271.275 
264.063 
264.010 
264.180 
264.240 
264.257 
271.449 
272.015 
291.202 
271.361 
271.778 
273.996 
275.695 
272.950 
297.919 
297.883 
287.379 
287.316 
297.984 
297.873 
290.746 
290.689 
290.865 
290.625 
290.749 
290.722 
290.757 
271.440 
271.269 
271.338 
271.574 
273.326 
287.413 
287.730 
287.502 
342.848 
342.618 
317.485 
287.322 
297.841 
342.850 
325.808 
292.879 
300.632 
297.722 
297.686 
297.704 
297.752 
297.778 
297.819 
290.776 
290.634 
297.880 
290.644 
271.371 
292.066 
290.867 
290.830 
290.868 
322.111 
291.634 
290.773 
341.663 
271.571 
271.519 
271.420 
271.481 
271.463 
271.429 
271.508 
271.337 
271.256 
290.650 
290.620 
290.703 
290.802 
290.925 
271.427 
271.411 
271.281 
271.539 
271.464 
271.372 
297.859 
297.765 
287.397 
290.677 
271.386 
271.534 
271.368 
271.367 
271.493 
271.415 
271.472 
271.386 
271.353 
271.200 
271.236 
296.862 
296.740 
377.965 
296.712 
296.803 
296.720 
296.857 
296.819 
271.471 
271.343 
271.391 
271.228 
271.405 
271.402 
271.362 
271.455 
271.405 
271.330 
271.333 
271.484 
271.371 
271.226 
271.493 
271.338 
271.386 
271.161 
271.222 
271.264 
271.325 
271.352 
271.279 
271.262 
271.327 
271.360 
271.342 
271.335 
271.350 
271.441 
271.254 
271.349 
271.395 
271.407 
271.236 
271.236 
271.356 
271.421 
271.335 
271.255 
271.223 
271.348 
271.465 
271.692 
271.419 
271.516 
342.231 
332.325 
329.633 
278.957 
320.361 
272.022 
271.431 
271.409 
271.322 
271.255 
271.331 
271.326 
271.307 
271.198 
271.193 
271.459 
271.282 
272.141 
272.072 
272.202 
272.180 
324.757 
326.956 
327.207 
326.378 
272.201 
310.500 
272.494 
272.398 
271.888 
272.000 
272.032 
271.993 
271.879 
272.107 
271.832 
271.870 
271.915 
