142.483 
52.766 
47.709 
43.219 
69.131 
50.793 
56.654 
60.172 
57.258 
54.376 
54.775 
58.946 
57.648 
74.429 
69.054 
847.135 
379.330 
605.423 
253.591 
615.415 
799.470 
456.139 
347.147 
56.877 
50.260 
46.892 
67.006 
51.977 
47.614 
56.350 
43.789 
58.724 
48.355 
57.750 
52.075 
60.860 
62.622 
52.218 
55.572 
441.276 
66.083 
521.089 
439.525 
400.491 
507.425 
561.594 
213.768 
429.154 
58.902 
67.725 
46.442 
50.606 
52.023 
82.394 
41.589 
52.620 
49.353 
45.772 
56.136 
52.073 
60.378 
58.694 
444.644 
484.993 
373.197 
460.589 
247.106 
269.616 
307.598 
418.391 
374.023 
56.519 
51.301 
321.578 
68.432 
53.380 
41.395 
57.054 
47.754 
55.662 
57.914 
47.507 
46.634 
58.070 
55.816 
471.272 
377.938 
173.846 
488.984 
324.176 
589.472 
57.231 
317.774 
50.010 
49.837 
56.894 
194.617 
44.086 
41.555 
54.083 
54.057 
58.870 
291.105 
143.224 
55.285 
56.594 
60.636 
53.516 
57.042 
194.699 
826.826 
205.767 
55.255 
408.331 
186.284 
297.594 
81.329 
443.299 
52.754 
51.713 
53.594 
54.063 
67.467 
61.132 
50.918 
44.290 
52.290 
58.494 
59.408 
61.559 
43.445 
53.947 
330.036 
467.146 
562.253 
1065.917 
554.723 
467.357 
290.857 
1088.614 
48.623 
48.195 
53.075 
51.900 
57.761 
41.797 
44.878 
50.384 
52.854 
80.169 
107.664 
51.167 
52.490 
53.712 
43.696 
488.796 
762.277 
221.847 
538.769 
210.753 
299.863 
299.316 
568.476 
701.413 
595.619 
256.123 
54.103 
340.804 
48.107 
46.255 
43.093 
53.068 
51.696 
53.173 
97.102 
59.022 
46.311 
57.266 
53.779 
2248.639 
238.575 
471.350 
610.116 
547.768 
52.301 
780.247 
73.075 
63.572 
49.984 
48.061 
54.967 
49.582 
60.314 
50.539 
53.995 
55.883 
54.422 
97.157 
62.686 
76.054 
52.137 
53.882 
234.401 
607.136 
176.073 
546.355 
199.732 
193.334 
215.037 
523.988 
271.992 
270.038 
434.502 
65.102 
67.142 
56.931 
53.917 
76.146 
58.878 
55.156 
56.890 
58.442 
53.583 
59.881 
55.570 
446.078 
294.864 
367.342 
552.437 
276.115 
179.946 
416.767 
252.520 
355.858 
539.707 
705.814 
349.945 
724.625 
184.331 
237.694 
61.202 
56.851 
51.763 
57.207 
59.067 
53.445 
52.863 
54.646 
55.702 
335.566 
575.689 
467.508 
353.346 
396.165 
236.896 
686.169 
1035.535 
55.540 
248.143 
105.814 
585.770 
107.580 
88.144 
690.531 
53.655 
67.242 
52.234 
52.406 
50.607 
57.657 
63.784 
426.775 
749.275 
307.913 
183.409 
195.471 
399.095 
722.677 
308.906 
309.707 
229.793 
57.372 
62.565 
60.578 
57.461 
181.590 
60.212 
88.179 
53.347 
55.279 
69.266 
53.082 
52.770 
54.309 
62.613 
485.173 
224.315 
244.940 
158.900 
423.543 
231.195 
461.854 
284.682 
359.846 
55.831 
58.397 
52.480 
64.126 
57.108 
57.110 
57.350 
53.710 
61.248 
64.390 
53.499 
53.819 
58.798 
50.739 
243.242 
357.987 
453.373 
486.392 
214.102 
667.402 
322.875 
160.080 
456.167 
64.274 
59.783 
57.143 
53.947 
57.223 
104.455 
59.635 
53.808 
53.686 
52.689 
53.167 
52.127 
53.788 
72.598 
732.328 
395.076 
1066.051 
548.708 
403.224 
304.006 
598.491 
481.535 
361.973 
53.422 
53.119 
56.545 
52.379 
224.732 
59.632 
52.190 
53.160 
53.433 
58.935 
53.772 
53.279 
53.620 
53.588 
56.518 
417.583 
382.028 
495.298 
357.817 
452.781 
197.833 
325.631 
399.842 
131.346 
76.440 
53.815 
55.850 
54.220 
53.050 
61.858 
58.518 
53.689 
54.459 
59.260 
56.849 
84.523 
61.110 
60.793 
269.070 
72.197 
1155.941 
272.994 
94.045 
297.954 
242.790 
154.182 
313.832 
402.206 
400.208 
68.669 
67.296 
78.270 
53.790 
62.883 
57.181 
56.560 
55.647 
57.277 
71.975 
54.188 
68.611 
238.227 
187.479 
73.350 
211.105 
245.099 
