0.045 
0.041 
0.035 
0.043 
0.045 
0.041 
0.045 
0.048 
0.049 
0.048 
0.042 
0.047 
0.052 
0.052 
0.059 
0.058 
0.049 
0.061 
0.038 
0.057 
0.046 
0.050 
0.052 
0.044 
0.034 
0.051 
0.045 
0.055 
0.037 
0.040 
0.049 
0.048 
0.045 
0.046 
0.042 
0.041 
0.043 
0.046 
0.053 
0.047 
0.051 
0.043 
0.044 
0.053 
0.043 
0.042 
0.053 
0.041 
0.045 
0.051 
0.043 
0.040 
0.051 
0.056 
0.054 
0.045 
0.048 
0.047 
0.043 
0.047 
0.046 
0.073 
0.063 
0.060 
0.057 
0.047 
0.048 
0.052 
0.061 
0.043 
0.049 
0.056 
0.051 
0.045 
0.045 
0.047 
0.040 
0.044 
0.045 
0.044 
0.052 
0.049 
0.047 
0.042 
0.053 
0.039 
0.048 
0.052 
0.047 
0.045 
0.055 
0.048 
0.047 
0.044 
0.046 
0.045 
0.040 
0.044 
0.040 
0.045 
0.039 
0.048 
0.047 
0.063 
0.049 
0.051 
0.053 
0.053 
0.046 
0.068 
0.062 
0.046 
0.057 
0.044 
0.054 
0.058 
0.048 
0.046 
0.049 
0.053 
0.044 
0.055 
0.048 
0.105 
0.040 
0.040 
0.049 
0.045 
0.043 
0.042 
0.049 
0.046 
0.042 
0.042 
0.052 
0.048 
0.045 
0.037 
0.041 
0.037 
0.043 
0.041 
0.044 
0.040 
0.047 
0.048 
0.047 
0.050 
0.042 
0.045 
0.044 
0.044 
0.046 
0.055 
0.053 
0.044 
0.057 
0.068 
0.060 
0.059 
0.049 
0.055 
0.057 
0.056 
0.058 
0.055 
0.047 
0.050 
0.044 
0.051 
0.044 
0.046 
0.042 
0.039 
0.045 
0.040 
0.051 
0.053 
0.048 
0.045 
0.046 
0.042 
0.037 
0.033 
0.058 
0.055 
0.033 
0.045 
0.045 
0.047 
0.045 
0.047 
0.046 
0.050 
0.045 
0.050 
0.044 
0.049 
0.046 
0.044 
0.042 
0.039 
0.034 
0.064 
0.064 
0.067 
0.051 
0.058 
0.050 
0.047 
0.062 
0.051 
0.042 
0.059 
0.049 
0.049 
0.044 
0.039 
0.052 
0.045 
0.044 
0.048 
0.048 
0.048 
0.041 
0.050 
0.050 
0.049 
0.048 
0.047 
0.054 
0.034 
0.047 
0.041 
0.036 
0.047 
0.054 
0.042 
0.051 
0.036 
0.048 
0.047 
0.048 
0.041 
0.044 
0.043 
0.044 
0.043 
0.045 
0.048 
0.046 
0.035 
0.045 
0.046 
0.044 
0.037 
0.035 
0.048 
0.046 
0.034 
0.046 
0.033 
0.045 
0.045 
0.039 
0.047 
0.047 
0.041 
0.045 
0.047 
0.048 
0.039 
0.041 
0.050 
0.043 
0.051 
0.048 
0.039 
0.034 
0.046 
0.044 
0.045 
0.046 
0.036 
0.038 
0.031 
0.037 
0.054 
0.041 
0.038 
0.035 
0.037 
0.047 
0.042 
0.040 
0.045 
0.044 
0.035 
0.031 
0.037 
0.037 
0.038 
0.045 
0.031 
0.042 
0.046 
0.047 
0.046 
0.045 
0.042 
0.045 
0.041 
0.047 
0.038 
0.048 
0.050 
0.051 
0.047 
0.038 
0.045 
0.039 
0.045 
0.045 
0.049 
0.045 
0.048 
0.037 
0.051 
0.046 
0.034 
0.038 
0.045 
0.044 
0.041 
0.045 
0.048 
0.037 
0.039 
0.046 
0.051 
0.050 
0.038 
0.055 
0.038 
0.033 
0.045 
0.045 
0.042 
0.048 
0.043 
0.042 
0.036 
0.046 
0.049 
0.043 
0.046 
0.062 
0.046 
0.043 
0.042 
0.045 
0.036 
0.040 
0.044 
0.039 
0.041 
0.035 
0.048 
0.052 
0.048 
0.045 
0.039 
0.037 
0.045 
0.046 
0.033 
0.045 
0.045 
0.036 
0.039 
0.050 
0.045 
0.042 
0.035 
0.048 
0.039 
0.051 
0.035 
0.041 
0.047 
0.053 
0.046 
0.043 
0.052 
0.049 
0.032 
0.045 
0.041 
0.045 
0.046 
0.031 
0.040 
0.038 
0.046 
0.049 
0.040 
0.032 
0.054 
0.051 
0.043 
0.050 
0.044 
0.046 
0.042 
0.045 
0.040 
0.038 
0.047 
0.047 
0.043 
0.043 
0.049 
0.046 
0.042 
0.047 
0.046 
0.041 
0.036 
