158.226 
158.310 
160.890 
162.756 
159.331 
156.695 
156.161 
154.935 
154.793 
158.027 
157.222 
160.613 
157.357 
154.940 
163.227 
155.738 
155.061 
154.978 
156.033 
155.010 
155.115 
156.169 
155.129 
155.251 
158.507 
158.337 
154.973 
155.911 
160.935 
163.055 
154.977 
161.312 
160.229 
155.518 
156.447 
162.088 
158.738 
160.803 
154.943 
159.680 
156.812 
156.802 
157.230 
161.189 
157.757 
163.649 
155.444 
163.927 
154.886 
154.959 
162.675 
154.900 
155.057 
155.723 
154.915 
155.722 
154.856 
157.213 
154.884 
155.259 
156.538 
154.935 
155.183 
158.393 
158.780 
160.470 
154.909 
156.166 
164.506 
160.865 
155.740 
160.806 
157.398 
156.502 
159.037 
157.601 
155.206 
155.460 
156.058 
155.628 
155.059 
161.437 
159.799 
155.197 
155.016 
157.363 
156.088 
157.958 
155.945 
154.974 
155.051 
154.909 
154.956 
155.024 
154.875 
155.021 
159.575 
157.900 
162.375 
155.038 
160.955 
154.993 
154.971 
155.255 
155.098 
155.103 
156.111 
155.095 
159.489 
158.396 
155.749 
159.025 
155.302 
154.939 
154.955 
155.323 
160.360 
155.322 
159.617 
162.824 
157.199 
155.176 
155.332 
166.898 
156.374 
161.848 
154.842 
154.973 
155.274 
156.364 
160.742 
158.968 
157.118 
155.276 
160.369 
154.874 
154.822 
154.924 
157.799 
169.451 
164.061 
165.377 
164.636 
174.214 
167.443 
164.222 
173.503 
156.845 
157.818 
156.706 
163.479 
158.071 
160.553 
155.087 
160.604 
161.378 
162.639 
159.482 
161.962 
156.112 
159.553 
155.211 
162.212 
156.296 
157.624 
163.421 
154.911 
154.869 
154.946 
155.121 
154.890 
154.843 
161.749 
157.558 
163.056 
164.372 
158.435 
155.629 
154.881 
160.631 
154.911 
155.155 
155.845 
154.965 
155.258 
154.932 
159.000 
160.214 
159.369 
168.371 
161.953 
163.074 
168.408 
161.523 
159.716 
155.761 
155.250 
159.674 
162.704 
158.740 
158.963 
157.722 
155.943 
155.083 
160.779 
156.886 
155.545 
157.294 
156.513 
154.891 
160.658 
157.804 
160.382 
157.055 
156.634 
161.702 
161.268 
161.012 
155.665 
164.929 
155.903 
159.060 
160.233 
156.188 
157.022 
158.729 
158.735 
161.994 
156.338 
156.065 
162.477 
159.289 
155.389 
154.933 
163.188 
155.629 
162.417 
156.793 
160.331 
155.393 
161.992 
157.278 
155.625 
156.757 
155.984 
155.926 
157.183 
164.456 
171.171 
155.749 
157.651 
163.550 
155.999 
159.267 
155.144 
161.508 
159.149 
158.708 
161.878 
162.011 
157.671 
155.952 
155.220 
157.662 
155.613 
156.001 
159.153 
156.518 
158.268 
157.582 
159.694 
158.204 
161.994 
159.936 
156.069 
155.949 
162.375 
159.757 
155.329 
156.559 
158.033 
154.964 
160.128 
165.199 
154.884 
156.311 
156.269 
156.648 
158.398 
162.473 
158.628 
159.692 
157.796 
155.758 
156.130 
166.824 
166.575 
164.526 
158.282 
159.187 
159.013 
157.326 
163.935 
159.521 
156.000 
157.911 
158.338 
161.939 
162.294 
156.053 
170.642 
160.380 
161.404 
161.070 
161.226 
158.920 
164.537 
158.546 
159.442 
155.523 
155.182 
155.210 
158.406 
161.001 
154.884 
155.424 
158.049 
154.985 
157.791 
155.729 
162.585 
164.916 
155.202 
158.787 
156.892 
155.430 
155.345 
155.624 
155.690 
154.885 
161.076 
