291.754 
291.688 
291.744 
291.690 
291.724 
372.521 
372.525 
372.526 
351.804 
344.543 
344.563 
344.538 
344.467 
344.467 
270.973 
271.023 
270.995 
319.614 
319.672 
319.671 
319.686 
319.672 
319.667 
319.626 
319.628 
319.631 
319.621 
319.666 
319.655 
319.619 
319.682 
319.618 
319.603 
319.617 
271.038 
271.000 
271.003 
270.985 
271.015 
271.046 
271.017 
271.016 
271.016 
271.004 
271.004 
271.003 
270.944 
270.994 
271.002 
270.939 
343.210 
343.261 
271.025 
320.950 
318.261 
318.568 
298.897 
335.699 
343.327 
301.392 
271.091 
271.139 
271.163 
271.141 
271.094 
271.144 
271.093 
271.063 
271.134 
271.116 
276.537 
276.492 
332.287 
320.193 
271.138 
271.160 
271.153 
271.157 
271.240 
271.139 
271.159 
271.071 
271.248 
271.592 
271.671 
271.135 
271.165 
271.146 
271.082 
271.112 
290.432 
290.406 
290.378 
271.090 
271.042 
271.073 
271.060 
271.144 
290.438 
271.141 
271.148 
271.147 
271.144 
271.095 
271.076 
271.075 
271.074 
271.071 
271.149 
271.140 
271.135 
271.154 
271.119 
271.076 
271.099 
271.131 
271.072 
271.114 
271.061 
271.129 
271.127 
271.109 
271.128 
271.158 
271.131 
271.188 
271.195 
271.095 
271.139 
271.172 
271.148 
271.257 
271.230 
271.223 
271.236 
271.265 
271.274 
271.267 
271.216 
271.209 
271.251 
271.214 
271.244 
271.255 
271.200 
271.259 
271.262 
271.276 
271.240 
297.033 
297.681 
297.651 
297.670 
297.643 
297.716 
287.133 
287.128 
297.529 
290.422 
297.587 
271.148 
271.153 
271.125 
271.101 
271.084 
271.133 
271.094 
271.147 
271.099 
271.088 
271.109 
271.145 
271.140 
271.104 
271.124 
271.066 
271.067 
271.074 
271.141 
271.141 
271.077 
271.138 
271.065 
271.065 
271.109 
271.143 
271.118 
271.128 
271.049 
271.113 
271.093 
271.107 
271.113 
271.082 
271.045 
271.113 
271.102 
271.136 
271.137 
271.133 
271.142 
271.112 
271.142 
271.130 
271.082 
271.063 
271.134 
271.102 
271.107 
271.117 
312.375 
312.286 
312.323 
312.326 
271.076 
271.085 
271.102 
271.100 
271.159 
271.175 
271.177 
271.183 
271.168 
271.078 
271.165 
271.199 
271.129 
271.164 
271.152 
271.154 
271.134 
271.115 
271.110 
271.088 
271.082 
271.123 
271.100 
271.111 
263.918 
263.893 
263.898 
263.913 
263.912 
271.174 
271.141 
290.470 
271.107 
271.126 
271.121 
271.184 
271.156 
297.632 
297.607 
287.109 
297.617 
297.609 
297.589 
290.385 
290.373 
290.422 
290.433 
290.412 
290.414 
290.431 
271.141 
271.132 
271.119 
271.161 
271.411 
287.057 
287.431 
339.249 
341.052 
333.252 
287.179 
297.611 
297.558 
291.976 
291.044 
290.996 
297.528 
297.575 
297.571 
297.581 
297.526 
297.524 
297.590 
290.400 
290.380 
297.585 
271.059 
271.116 
290.406 
290.538 
290.473 
290.504 
290.498 
290.488 
290.476 
271.220 
271.142 
271.212 
271.199 
271.179 
271.212 
271.179 
271.189 
271.183 
271.189 
290.465 
290.484 
290.514 
290.435 
290.499 
271.187 
271.174 
271.137 
271.132 
271.123 
271.156 
297.619 
297.631 
287.082 
271.141 
271.178 
271.141 
271.129 
271.057 
271.090 
271.123 
271.128 
271.129 
271.135 
271.117 
271.121 
296.577 
296.582 
377.739 
296.598 
296.596 
296.600 
296.608 
296.607 
271.109 
271.114 
271.088 
271.146 
271.137 
271.138 
271.129 
271.107 
271.094 
271.130 
271.113 
271.123 
271.151 
271.110 
271.125 
271.131 
271.073 
271.128 
271.097 
271.101 
271.175 
271.144 
271.121 
271.146 
271.078 
271.135 
271.135 
271.124 
271.120 
271.149 
271.071 
271.144 
271.083 
271.074 
271.109 
271.086 
271.094 
271.129 
271.139 
271.069 
271.143 
271.046 
271.088 
271.158 
271.165 
271.103 
325.217 
302.203 
298.455 
271.134 
271.238 
271.152 
271.143 
271.064 
271.061 
271.090 
271.055 
271.045 
271.055 
271.084 
271.071 
271.047 
271.070 
271.717 
271.749 
271.786 
271.798 
283.522 
319.766 
322.334 
292.034 
271.783 
300.608 
271.765 
271.761 
271.775 
271.779 
271.734 
271.770 
271.768 
271.764 
271.759 
271.731 
271.772 
