34.992 
35.086 
35.033 
35.058 
35.037 
34.972 
35.012 
35.059 
35.054 
35.102 
35.017 
35.105 
35.025 
35.014 
35.104 
35.014 
35.079 
35.033 
35.016 
35.091 
35.086 
35.070 
35.070 
35.083 
34.979 
35.030 
34.996 
34.980 
35.077 
35.052 
34.965 
35.013 
35.002 
34.981 
35.063 
35.023 
35.059 
35.083 
35.097 
35.068 
35.056 
35.105 
35.078 
35.102 
35.091 
35.086 
35.080 
35.004 
35.078 
35.072 
35.005 
35.043 
35.007 
35.056 
35.098 
35.034 
35.142 
35.086 
35.184 
35.078 
35.110 
35.090 
35.091 
35.103 
35.095 
35.051 
35.084 
35.022 
35.095 
35.093 
35.101 
35.106 
47.780 
35.066 
34.992 
35.123 
35.045 
35.050 
35.068 
35.069 
35.128 
35.124 
35.271 
45.702 
35.265 
35.169 
35.125 
35.088 
35.066 
35.104 
35.135 
35.053 
35.073 
35.003 
35.031 
35.031 
35.005 
35.068 
35.054 
35.074 
34.983 
35.120 
35.029 
35.056 
35.151 
35.077 
35.093 
35.227 
35.159 
35.139 
35.167 
35.020 
35.071 
35.044 
35.108 
35.117 
35.045 
46.923 
35.109 
35.072 
35.028 
35.047 
35.067 
35.081 
35.056 
35.101 
35.076 
35.135 
35.127 
35.187 
35.180 
35.199 
35.199 
35.050 
35.071 
35.052 
35.098 
35.093 
35.026 
35.022 
34.993 
34.976 
35.119 
35.119 
35.065 
35.034 
34.990 
35.034 
34.986 
35.065 
35.029 
35.107 
35.099 
35.080 
35.238 
35.128 
35.149 
35.134 
35.093 
35.062 
35.075 
35.059 
35.053 
35.058 
35.001 
35.038 
35.019 
35.002 
35.032 
35.069 
35.011 
35.046 
35.055 
35.067 
35.012 
35.064 
35.098 
35.023 
34.991 
35.126 
35.044 
35.007 
35.021 
35.032 
35.095 
35.000 
34.973 
35.090 
35.039 
35.095 
35.046 
35.020 
35.088 
35.098 
35.090 
35.039 
35.047 
35.195 
35.010 
35.072 
35.105 
35.111 
35.029 
35.023 
35.109 
35.130 
35.070 
35.093 
35.074 
35.141 
35.000 
35.060 
35.046 
35.054 
26.831 
26.788 
26.835 
26.850 
26.864 
26.821 
26.862 
26.908 
26.859 
26.918 
26.889 
27.042 
26.965 
27.037 
26.923 
26.908 
26.921 
26.964 
26.920 
26.952 
26.905 
26.921 
26.921 
41.623 
26.946 
26.920 
26.907 
26.915 
26.918 
26.925 
26.868 
26.978 
26.980 
26.922 
26.973 
27.032 
26.997 
26.941 
26.950 
26.937 
26.891 
26.891 
26.943 
26.912 
26.903 
26.884 
26.877 
26.896 
26.820 
26.879 
26.833 
26.867 
26.822 
26.902 
26.888 
26.889 
26.901 
26.989 
26.979 
27.005 
26.966 
26.932 
26.936 
26.880 
26.900 
26.855 
26.907 
26.885 
26.896 
26.894 
26.920 
26.938 
26.893 
26.846 
26.896 
26.822 
26.900 
26.893 
26.911 
26.874 
26.880 
26.934 
26.966 
26.963 
27.076 
26.982 
26.942 
26.923 
26.944 
26.911 
26.834 
26.911 
26.845 
26.895 
26.833 
26.892 
26.823 
26.840 
26.911 
26.854 
26.868 
26.892 
26.861 
26.920 
26.931 
26.874 
26.918 
26.942 
27.009 
26.917 
26.941 
26.907 
26.920 
26.911 
26.893 
26.832 
26.899 
26.987 
26.877 
26.880 
26.849 
26.936 
26.897 
26.885 
26.898 
26.850 
26.921 
26.907 
26.886 
72.676 
26.898 
26.931 
27.484 
26.953 
26.901 
40.156 
26.887 
26.877 
26.824 
26.897 
26.892 
26.920 
26.876 
26.888 
26.872 
26.898 
26.911 
26.866 
26.877 
26.889 
26.863 
26.838 
26.971 
26.791 
26.943 
26.881 
26.953 
26.933 
26.950 
26.962 
26.916 
26.873 
26.854 
26.903 
26.938 
26.881 
26.913 
26.875 
26.914 
26.889 
26.775 
26.843 
26.891 
26.927 
26.851 
26.934 
26.987 
27.012 
27.035 
26.942 
26.942 
26.947 
26.889 
26.874 
26.854 
26.857 
26.891 
26.797 
26.875 
26.848 
26.832 
26.810 
26.835 
26.858 
26.836 
26.781 
26.848 
26.851 
26.880 
26.824 
26.865 
26.920 
26.890 
26.913 
26.903 
26.877 
26.836 
26.863 
26.878 
26.872 
26.912 
26.848 
