154.723 
154.791 
154.737 
154.812 
154.726 
154.757 
154.806 
154.753 
154.523 
154.800 
154.757 
154.819 
154.815 
154.757 
154.787 
154.743 
154.768 
154.754 
154.729 
154.755 
154.752 
154.796 
154.796 
154.815 
154.803 
154.782 
154.764 
154.730 
154.715 
154.736 
154.715 
154.701 
154.750 
154.761 
154.813 
154.768 
154.780 
154.775 
154.803 
154.763 
154.797 
154.723 
154.745 
154.766 
154.772 
154.742 
154.782 
154.777 
154.735 
154.784 
154.720 
154.734 
154.708 
154.728 
154.724 
154.755 
154.768 
154.793 
154.723 
154.784 
154.797 
154.792 
154.757 
154.726 
154.757 
154.730 
154.714 
154.727 
154.720 
154.748 
154.742 
154.783 
154.768 
154.746 
154.744 
154.783 
154.762 
154.725 
154.772 
154.782 
154.724 
154.731 
154.715 
154.803 
154.754 
154.774 
154.760 
154.733 
154.755 
154.800 
154.754 
154.753 
154.809 
154.813 
154.808 
154.780 
154.755 
154.731 
154.780 
154.712 
154.755 
154.761 
154.761 
154.762 
154.798 
154.752 
154.799 
154.773 
154.763 
154.766 
154.739 
154.719 
154.760 
154.754 
154.753 
154.794 
154.763 
154.784 
154.718 
154.756 
154.745 
154.755 
154.761 
154.717 
154.768 
154.787 
154.777 
154.728 
154.777 
154.777 
154.762 
154.762 
154.765 
154.723 
154.727 
154.704 
154.742 
154.753 
163.536 
163.511 
163.521 
163.512 
163.537 
163.521 
163.525 
163.511 
163.531 
154.715 
154.748 
154.723 
154.765 
154.759 
154.774 
154.746 
154.771 
154.742 
154.724 
154.736 
154.785 
154.759 
154.780 
154.721 
154.733 
154.742 
154.731 
154.755 
154.737 
154.769 
154.741 
154.742 
154.725 
154.742 
154.721 
154.730 
154.705 
154.732 
154.753 
154.790 
154.745 
154.811 
154.763 
154.772 
154.796 
154.801 
154.733 
154.729 
154.745 
154.799 
154.782 
154.738 
154.734 
154.752 
154.710 
154.779 
154.776 
154.716 
154.704 
154.756 
154.703 
154.707 
154.749 
154.791 
154.729 
154.704 
154.713 
154.742 
154.703 
154.742 
154.744 
154.756 
154.723 
154.695 
154.714 
154.750 
154.716 
154.744 
154.702 
154.743 
154.760 
154.759 
154.751 
154.778 
154.741 
154.778 
154.731 
154.737 
154.755 
154.752 
154.748 
154.786 
154.753 
154.769 
154.804 
154.746 
154.833 
154.743 
154.714 
154.708 
154.712 
154.710 
154.757 
154.709 
154.716 
154.774 
154.754 
154.771 
154.744 
154.745 
154.780 
154.755 
154.785 
154.741 
154.764 
154.714 
154.741 
154.702 
154.791 
154.789 
154.744 
154.763 
154.706 
154.711 
154.744 
154.751 
154.750 
154.698 
154.685 
154.776 
154.798 
154.765 
154.802 
154.792 
154.741 
154.825 
154.744 
154.786 
154.759 
154.874 
154.760 
154.791 
154.722 
154.797 
154.776 
154.754 
154.757 
154.743 
154.795 
154.802 
154.810 
154.734 
154.754 
154.759 
154.801 
154.850 
154.804 
154.789 
154.786 
154.835 
154.736 
154.758 
154.743 
154.787 
154.742 
154.771 
154.768 
154.766 
154.781 
154.790 
154.781 
154.749 
154.763 
154.720 
154.790 
154.766 
154.797 
154.753 
154.796 
154.725 
154.705 
154.743 
154.768 
154.730 
154.739 
154.715 
154.753 
154.742 
154.790 
154.745 
154.758 
154.796 
154.798 
154.829 
154.754 
154.789 
154.796 
154.753 
154.756 
154.812 
154.701 
154.732 
