44.662 
41.050 
40.845 
41.132 
40.889 
41.009 
41.367 
40.748 
40.812 
41.003 
41.033 
41.032 
40.960 
40.921 
43.251 
41.000 
47.250 
43.694 
43.855 
43.859 
50.552 
48.486 
43.901 
46.301 
40.974 
41.148 
41.057 
40.900 
40.911 
41.104 
40.845 
40.959 
40.788 
40.988 
43.935 
42.528 
41.413 
44.222 
43.483 
43.082 
46.258 
46.053 
41.551 
43.520 
44.452 
43.761 
41.397 
41.385 
42.107 
40.872 
40.982 
40.817 
41.057 
40.900 
42.040 
42.067 
40.981 
41.149 
41.070 
41.214 
41.032 
40.913 
42.521 
44.858 
47.672 
42.451 
44.281 
48.733 
44.565 
41.885 
42.796 
43.859 
41.709 
40.966 
40.999 
47.802 
43.486 
44.785 
41.138 
41.300 
41.091 
41.018 
40.800 
40.913 
41.082 
40.955 
41.104 
44.281 
41.063 
43.851 
44.373 
45.090 
41.725 
47.192 
44.439 
40.900 
40.846 
40.867 
40.891 
40.928 
40.859 
40.936 
41.715 
40.769 
44.246 
43.819 
41.273 
41.750 
41.045 
41.820 
41.491 
44.214 
43.914 
46.961 
47.147 
43.525 
43.416 
45.530 
43.119 
47.042 
45.760 
43.620 
43.424 
41.369 
40.769 
41.290 
41.289 
40.892 
40.953 
40.906 
40.997 
40.928 
41.538 
41.028 
40.825 
41.098 
45.177 
41.450 
45.799 
51.304 
47.220 
42.446 
41.226 
40.805 
40.993 
40.985 
40.841 
40.954 
41.094 
40.906 
40.975 
40.853 
41.039 
40.899 
42.576 
41.003 
44.156 
40.904 
41.191 
44.671 
44.264 
45.371 
44.465 
46.210 
47.397 
45.060 
45.440 
47.459 
44.833 
41.254 
40.882 
40.787 
40.987 
43.375 
40.925 
41.036 
40.842 
40.893 
41.082 
40.964 
40.784 
40.991 
42.238 
48.803 
46.256 
46.077 
42.833 
48.296 
42.413 
44.069 
46.231 
41.001 
41.044 
40.960 
44.053 
41.049 
41.160 
40.874 
42.898 
42.814 
42.449 
42.879 
42.439 
42.767 
43.205 
41.756 
41.654 
44.210 
46.669 
45.033 
45.635 
43.485 
46.141 
44.729 
43.282 
46.176 
46.957 
41.076 
43.045 
42.800 
43.050 
42.827 
42.692 
42.749 
42.579 
42.714 
42.835 
42.551 
41.188 
42.477 
45.828 
43.785 
44.847 
46.388 
44.448 
44.147 
41.265 
46.164 
44.209 
45.188 
44.160 
41.086 
44.883 
45.160 
45.154 
45.258 
43.090 
42.328 
41.143 
45.432 
42.412 
43.456 
41.092 
44.674 
46.662 
45.170 
44.444 
43.147 
43.866 
45.641 
48.678 
41.624 
40.963 
43.937 
44.139 
44.578 
47.611 
43.412 
47.176 
42.572 
42.569 
41.770 
40.954 
42.174 
43.916 
41.195 
43.428 
45.601 
43.247 
50.769 
44.028 
46.930 
44.527 
46.868 
43.763 
45.962 
43.137 
43.108 
42.548 
42.893 
42.624 
40.888 
42.711 
42.524 
42.894 
41.110 
42.726 
42.242 
42.682 
42.516 
41.310 
44.545 
43.676 
45.264 
45.611 
45.172 
44.371 
46.042 
42.929 
46.099 
42.775 
42.669 
42.665 
42.644 
42.462 
42.710 
41.678 
42.862 
41.309 
40.887 
42.863 
41.355 
42.400 
43.253 
43.816 
43.552 
44.153 
45.090 
43.251 
45.136 
44.196 
42.709 
43.386 
45.607 
42.529 
42.759 
42.906 
42.503 
41.395 
42.516 
41.425 
41.030 
42.421 
43.247 
42.541 
43.525 
42.705 
44.093 
46.922 
45.032 
48.048 
46.455 
46.006 
44.071 
43.670 
41.452 
45.166 
41.310 
42.203 
40.972 
41.085 
42.528 
42.784 
42.762 
40.841 
42.421 
42.653 
42.536 
42.680 
42.598 
42.960 
44.172 
47.053 
45.273 
46.922 
47.477 
43.586 
46.660 
45.108 
46.309 
42.654 
42.485 
42.388 
42.910 
42.608 
42.498 
42.565 
41.338 
42.576 
42.696 
42.439 
42.889 
42.844 
42.765 
43.133 
44.468 
43.606 
41.106 
42.307 
43.507 
42.070 
42.611 
43.655 
41.979 
41.175 
40.758 
41.007 
40.971 
40.659 
40.783 
41.293 
41.075 
40.809 
41.083 
41.030 
40.926 
41.130 
41.710 
40.823 
40.769 
40.962 
40.485 
41.369 
41.048 
