54.003 
53.995 
53.997 
53.988 
53.994 
53.995 
53.998 
53.974 
53.987 
53.985 
53.975 
54.006 
53.997 
54.018 
53.997 
53.999 
53.987 
54.003 
53.989 
54.007 
54.011 
54.005 
53.991 
54.000 
53.986 
53.979 
53.983 
53.974 
53.995 
53.965 
53.974 
53.976 
54.019 
53.985 
53.998 
53.978 
54.000 
54.024 
54.004 
53.979 
53.993 
53.996 
54.020 
54.000 
53.990 
54.010 
53.996 
53.993 
53.957 
54.011 
53.982 
53.994 
53.979 
53.989 
53.970 
54.000 
54.003 
54.010 
53.990 
54.010 
54.024 
54.025 
54.010 
53.994 
54.014 
53.994 
53.979 
53.999 
53.995 
54.024 
54.008 
53.993 
53.993 
53.987 
53.984 
53.988 
53.980 
53.992 
54.010 
54.006 
54.010 
54.010 
54.037 
54.026 
54.034 
54.013 
54.012 
54.016 
54.001 
53.975 
54.004 
53.993 
54.003 
53.996 
54.001 
53.992 
53.995 
53.988 
53.978 
53.982 
53.994 
53.986 
54.010 
53.990 
54.011 
54.003 
54.032 
54.031 
54.020 
54.226 
54.019 
53.979 
54.028 
54.009 
54.021 
54.001 
54.004 
54.003 
54.015 
53.991 
54.000 
54.003 
53.996 
53.987 
53.990 
53.982 
53.972 
54.000 
54.000 
53.999 
54.009 
54.000 
53.999 
54.019 
53.992 
53.986 
54.004 
54.010 
54.000 
54.000 
53.979 
53.981 
53.958 
54.001 
53.999 
53.993 
53.982 
53.980 
53.985 
53.989 
53.993 
54.004 
54.003 
54.009 
54.017 
54.012 
54.024 
54.024 
53.981 
53.984 
54.017 
53.985 
53.985 
53.992 
53.998 
53.979 
54.009 
53.985 
53.962 
53.931 
53.980 
53.981 
53.982 
53.983 
53.962 
53.990 
53.992 
53.974 
53.974 
53.995 
54.007 
54.003 
54.008 
54.006 
53.996 
53.994 
54.003 
53.997 
54.001 
54.007 
53.996 
54.000 
53.982 
53.991 
53.974 
53.977 
53.990 
54.001 
53.978 
53.970 
53.954 
53.985 
53.993 
53.990 
53.983 
53.982 
53.982 
53.994 
53.983 
54.000 
53.981 
53.967 
53.986 
53.986 
53.954 
53.971 
53.937 
53.990 
53.951 
53.981 
53.979 
53.988 
53.999 
54.011 
53.994 
54.014 
53.997 
54.003 
53.998 
54.005 
54.010 
53.995 
54.011 
53.986 
54.001 
53.997 
53.991 
53.985 
53.983 
53.997 
53.978 
53.975 
53.976 
53.974 
53.981 
53.985 
53.999 
53.992 
53.989 
53.986 
54.000 
53.991 
54.012 
53.988 
53.988 
53.976 
53.983 
53.985 
53.987 
53.982 
53.966 
53.982 
53.972 
53.973 
53.980 
53.975 
53.977 
53.966 
53.955 
53.987 
53.995 
53.995 
53.967 
53.996 
53.977 
53.970 
53.979 
53.975 
54.029 
53.990 
53.986 
53.987 
53.965 
53.988 
53.995 
53.995 
53.986 
53.969 
53.978 
53.972 
53.992 
53.999 
53.982 
53.971 
53.985 
53.983 
53.975 
53.986 
53.981 
53.976 
53.974 
53.978 
53.948 
53.965 
53.975 
53.954 
53.959 
53.976 
53.953 
53.977 
53.974 
53.972 
53.969 
53.981 
53.969 
53.973 
53.957 
53.981 
53.974 
53.975 
53.971 
53.970 
53.965 
53.971 
53.964 
53.973 
53.954 
53.969 
53.998 
53.974 
53.970 
53.994 
53.971 
53.974 
53.983 
53.944 
53.974 
53.963 
53.966 
53.967 
53.957 
53.982 
53.967 
53.987 
53.975 
53.976 
53.948 
53.955 
53.979 
53.956 
53.959 
53.954 
53.941 
53.944 
53.964 
53.974 
53.953 
53.967 
53.966 
53.980 
53.971 
53.941 
53.979 
53.977 
53.974 
53.969 
53.988 
53.989 
53.992 
53.986 
53.995 
53.973 
53.964 
53.975 
53.984 
53.985 
53.994 
53.972 
53.988 
53.974 
53.977 
53.955 
53.975 
53.959 
53.979 
53.967 
53.973 
53.995 
53.986 
54.001 
53.991 
53.998 
54.008 
53.987 
53.999 
53.999 
54.001 
53.997 
53.978 
54.007 
53.992 
54.007 
54.007 
53.995 
53.983 
53.977 
53.979 
53.970 
53.974 
53.975 
53.982 
54.004 
53.991 
54.009 
53.984 
54.004 
53.996 
54.029 
54.008 
54.001 
53.996 
53.983 
53.990 
53.988 
53.990 
53.998 
