204.583 
205.257 
205.272 
205.290 
205.267 
205.256 
205.285 
205.270 
205.163 
201.855 
211.534 
214.365 
204.561 
204.561 
204.584 
205.124 
205.107 
204.601 
204.594 
204.581 
204.587 
204.615 
204.596 
204.559 
214.375 
214.916 
215.092 
215.133 
215.129 
215.139 
204.607 
204.568 
204.641 
205.188 
205.164 
205.286 
205.268 
205.239 
205.155 
205.142 
205.155 
205.171 
205.122 
205.282 
205.294 
205.306 
205.285 
205.316 
205.270 
205.320 
205.298 
205.260 
204.533 
204.578 
204.578 
205.299 
204.566 
204.578 
205.112 
204.567 
204.573 
205.301 
205.334 
205.300 
205.323 
205.309 
204.609 
205.332 
205.277 
205.289 
205.261 
205.135 
205.141 
205.146 
205.132 
205.139 
205.157 
205.134 
204.569 
204.525 
205.132 
205.127 
205.105 
205.116 
204.554 
204.547 
204.565 
205.084 
205.132 
204.561 
204.568 
205.170 
204.606 
204.553 
204.565 
204.554 
204.576 
204.579 
204.562 
204.554 
204.579 
204.573 
204.593 
205.307 
204.571 
204.521 
205.103 
205.297 
205.268 
205.258 
205.264 
204.580 
205.285 
205.244 
205.262 
205.280 
204.580 
205.143 
205.139 
205.176 
204.548 
204.579 
204.565 
204.599 
204.555 
204.529 
204.575 
205.099 
205.112 
205.097 
205.117 
204.560 
204.564 
204.535 
204.563 
205.113 
205.116 
205.106 
204.571 
204.570 
204.567 
204.576 
204.574 
204.565 
205.120 
205.108 
205.098 
205.101 
205.125 
205.117 
205.309 
204.569 
204.543 
204.577 
204.580 
204.539 
205.099 
205.100 
204.572 
205.160 
205.306 
205.272 
204.547 
204.628 
204.593 
204.570 
204.598 
204.638 
204.627 
205.169 
204.597 
205.135 
205.151 
205.200 
205.130 
205.173 
204.600 
205.298 
205.299 
204.567 
205.076 
204.543 
205.138 
205.113 
204.576 
204.554 
205.108 
205.122 
205.104 
205.123 
205.120 
205.173 
205.102 
205.117 
205.136 
205.135 
204.550 
205.123 
205.103 
205.120 
204.558 
204.541 
204.586 
204.568 
204.568 
204.568 
205.248 
205.099 
204.539 
205.099 
205.102 
205.121 
205.098 
205.083 
205.108 
205.277 
205.101 
205.103 
205.100 
205.108 
205.105 
205.263 
205.099 
204.527 
204.516 
204.541 
205.083 
204.529 
204.530 
204.541 
204.524 
205.083 
204.527 
205.251 
205.070 
204.537 
204.527 
204.522 
204.534 
204.537 
205.088 
205.081 
205.085 
204.512 
204.532 
204.515 
204.519 
204.530 
204.510 
205.235 
205.100 
205.261 
205.284 
205.089 
205.107 
204.524 
204.526 
204.509 
204.516 
204.530 
205.099 
205.076 
205.076 
205.265 
205.272 
205.240 
205.262 
205.076 
205.104 
205.245 
204.537 
205.074 
205.269 
204.530 
204.528 
204.518 
205.080 
205.111 
204.536 
204.536 
204.529 
204.549 
205.077 
205.108 
205.125 
205.121 
205.112 
205.115 
205.127 
205.244 
204.529 
204.561 
204.549 
204.513 
205.099 
205.258 
205.258 
205.087 
205.242 
205.240 
205.131 
204.542 
204.535 
205.237 
205.258 
205.298 
205.273 
205.266 
205.251 
205.292 
205.235 
205.276 
205.301 
205.250 
204.575 
204.559 
204.561 
204.559 
204.584 
204.515 
205.253 
204.526 
204.561 
204.518 
205.113 
205.081 
204.544 
204.544 
215.583 
214.009 
213.991 
214.090 
214.019 
213.990 
213.985 
214.005 
213.995 
213.984 
214.005 
213.981 
