204.601 
205.290 
205.285 
205.266 
205.305 
205.337 
205.279 
205.306 
205.108 
201.837 
211.586 
214.394 
204.570 
204.585 
204.569 
205.127 
205.132 
204.562 
204.605 
204.600 
204.558 
204.600 
204.566 
204.581 
214.352 
214.916 
215.103 
215.105 
215.087 
215.104 
204.565 
204.572 
204.573 
205.160 
205.137 
205.323 
205.287 
205.318 
205.151 
205.157 
205.119 
205.119 
205.150 
205.320 
205.285 
205.278 
205.298 
205.309 
205.264 
205.346 
205.255 
205.284 
205.289 
204.572 
204.555 
205.114 
204.615 
204.552 
205.117 
204.573 
204.559 
205.271 
205.144 
205.341 
205.312 
205.280 
205.285 
205.296 
205.265 
205.291 
205.298 
205.107 
205.125 
205.124 
205.157 
205.138 
205.158 
205.125 
204.615 
204.571 
204.563 
205.086 
205.119 
205.108 
204.561 
204.528 
204.552 
205.102 
205.111 
204.544 
204.543 
205.310 
204.563 
204.561 
204.573 
204.540 
204.561 
204.570 
204.557 
204.568 
204.597 
204.571 
204.545 
205.288 
204.542 
204.537 
204.555 
205.273 
205.261 
205.264 
205.271 
204.560 
205.266 
205.271 
205.283 
205.256 
204.571 
205.100 
205.093 
205.099 
204.548 
204.547 
204.608 
204.534 
204.566 
204.572 
204.543 
205.093 
205.088 
205.169 
205.113 
204.563 
204.604 
204.552 
204.576 
205.098 
205.083 
205.138 
204.544 
204.600 
204.622 
204.578 
204.596 
204.577 
205.178 
205.211 
205.144 
205.140 
205.121 
205.090 
204.579 
205.279 
204.572 
204.552 
205.143 
204.556 
205.095 
204.558 
205.124 
205.134 
205.300 
205.307 
205.304 
204.578 
204.598 
204.600 
204.603 
214.579 
204.575 
204.598 
205.156 
204.624 
205.194 
205.134 
205.122 
205.120 
204.571 
204.571 
205.285 
204.547 
205.097 
205.097 
204.556 
205.144 
205.132 
205.117 
204.595 
205.084 
205.140 
205.135 
205.136 
205.119 
205.113 
205.150 
205.126 
205.157 
204.612 
205.104 
205.136 
205.124 
205.264 
204.539 
204.564 
204.548 
204.532 
204.556 
205.263 
205.089 
204.543 
205.089 
205.088 
205.111 
205.115 
205.105 
205.111 
205.263 
205.101 
205.146 
205.097 
205.133 
205.115 
205.258 
205.101 
204.538 
204.525 
204.533 
205.092 
205.248 
204.540 
204.539 
204.538 
205.092 
205.082 
204.534 
205.238 
204.548 
204.528 
204.558 
204.520 
204.518 
204.509 
205.081 
205.099 
205.073 
204.526 
204.529 
204.548 
204.538 
204.535 
205.247 
205.105 
205.100 
205.247 
205.107 
205.102 
205.262 
204.553 
204.535 
204.517 
204.537 
205.076 
205.067 
205.073 
205.281 
205.229 
205.244 
205.251 
205.264 
205.086 
205.265 
204.529 
205.086 
205.111 
204.564 
204.525 
204.550 
204.525 
205.095 
204.541 
204.519 
204.521 
204.522 
204.538 
205.107 
205.107 
205.127 
205.093 
205.121 
205.129 
205.258 
204.559 
204.524 
204.549 
204.577 
204.568 
205.141 
205.249 
205.092 
205.079 
205.247 
205.087 
205.116 
204.561 
205.272 
205.284 
205.290 
205.260 
205.260 
205.251 
205.256 
207.140 
205.279 
205.285 
205.232 
204.536 
204.560 
204.522 
204.577 
204.508 
204.548 
204.518 
204.554 
204.530 
204.542 
204.542 
205.082 
205.127 
204.529 
204.534 
214.016 
214.010 
213.980 
214.005 
213.990 
214.030 
213.988 
214.012 
213.995 
214.003 
214.000 
204.548 
