35.053 
35.030 
34.971 
35.029 
34.960 
35.015 
35.045 
35.024 
35.098 
35.115 
35.085 
35.046 
35.128 
34.984 
34.997 
35.100 
35.111 
35.092 
35.010 
35.093 
35.098 
35.093 
35.094 
34.991 
35.041 
35.005 
35.008 
35.076 
35.072 
35.005 
35.025 
35.119 
35.120 
35.102 
35.108 
35.103 
35.077 
35.029 
35.031 
35.121 
35.079 
35.117 
35.102 
35.130 
35.063 
35.056 
35.012 
35.055 
35.072 
35.010 
34.992 
35.009 
35.055 
35.041 
35.078 
35.075 
35.139 
35.131 
35.194 
35.054 
35.123 
35.127 
35.181 
35.096 
35.093 
35.039 
34.981 
35.054 
34.995 
35.061 
35.093 
35.085 
35.070 
35.091 
35.020 
35.079 
35.053 
35.114 
35.124 
35.053 
35.168 
35.158 
35.211 
35.132 
35.180 
35.127 
35.155 
35.090 
35.199 
35.072 
35.038 
35.070 
35.099 
35.067 
35.058 
35.054 
35.036 
35.028 
35.015 
34.977 
35.096 
35.106 
35.061 
35.054 
35.065 
35.124 
35.168 
35.175 
35.152 
35.139 
35.078 
35.017 
35.029 
35.079 
35.092 
35.115 
35.106 
35.076 
35.044 
35.082 
35.052 
35.001 
35.055 
34.986 
34.993 
35.109 
35.115 
35.061 
35.174 
35.199 
35.111 
35.118 
35.029 
35.056 
35.137 
35.035 
35.032 
35.062 
35.109 
35.088 
35.072 
35.079 
35.074 
35.077 
35.091 
35.070 
35.024 
34.959 
35.065 
35.039 
35.137 
35.060 
35.098 
35.083 
35.156 
35.144 
35.073 
35.106 
35.043 
35.091 
35.006 
35.078 
35.080 
35.050 
34.968 
35.070 
35.014 
35.006 
34.989 
35.034 
35.029 
35.020 
35.029 
35.094 
35.072 
35.059 
35.085 
35.045 
35.047 
35.083 
35.120 
35.019 
34.996 
35.083 
34.994 
35.113 
35.010 
35.083 
35.072 
35.043 
35.025 
35.023 
35.020 
35.011 
35.044 
35.028 
35.005 
35.064 
35.075 
35.039 
35.122 
35.074 
35.144 
35.129 
35.086 
35.063 
35.004 
35.120 
35.088 
35.018 
35.009 
35.013 
35.070 
35.071 
26.907 
26.856 
26.807 
26.842 
26.841 
26.779 
26.885 
26.924 
26.867 
26.928 
27.037 
27.024 
26.942 
26.948 
26.927 
26.913 
26.921 
26.943 
26.815 
26.890 
26.831 
26.931 
26.901 
41.600 
26.935 
26.904 
26.896 
26.893 
26.938 
26.883 
26.903 
26.872 
26.991 
27.013 
27.024 
27.038 
27.007 
27.017 
26.953 
26.951 
26.885 
26.915 
26.878 
26.838 
26.930 
26.906 
26.887 
26.882 
26.836 
26.793 
26.887 
26.832 
26.902 
26.825 
26.802 
26.821 
26.917 
26.947 
26.954 
26.920 
26.979 
26.951 
26.953 
26.934 
26.939 
26.840 
26.954 
26.809 
26.927 
26.873 
26.999 
26.859 
26.880 
26.798 
26.831 
26.887 
26.900 
26.866 
26.918 
26.932 
26.928 
26.877 
26.980 
27.010 
26.950 
26.890 
26.932 
26.931 
26.894 
26.915 
26.916 
26.897 
26.893 
26.828 
26.883 
26.902 
26.889 
26.838 
26.796 
26.846 
26.802 
26.889 
26.862 
26.925 
26.898 
26.971 
26.932 
26.993 
26.904 
26.912 
26.930 
26.937 
26.908 
26.893 
26.871 
26.905 
26.886 
26.868 
26.861 
26.869 
26.869 
26.907 
26.887 
26.874 
26.914 
26.932 
26.846 
26.914 
26.850 
38.555 
26.878 
26.947 
26.917 
26.916 
26.981 
26.990 
26.907 
26.949 
26.920 
26.933 
26.853 
26.885 
26.839 
26.884 
26.881 
26.815 
26.846 
26.856 
26.901 
26.872 
26.859 
26.878 
26.906 
26.982 
26.915 
26.808 
26.845 
26.898 
26.900 
26.835 
26.934 
26.832 
26.883 
26.884 
26.874 
26.919 
26.938 
26.899 
26.892 
26.901 
26.861 
26.877 
26.835 
26.895 
26.884 
26.918 
26.939 
27.045 
26.970 
26.966 
26.965 
26.994 
26.928 
26.835 
57.635 
26.865 
26.853 
26.867 
26.874 
26.849 
26.801 
26.836 
26.819 
26.842 
26.837 
26.824 
26.772 
26.860 
26.848 
26.898 
26.900 
26.877 
26.853 
26.863 
26.895 
26.878 
26.866 
26.834 
26.865 
26.844 
26.841 
26.850 
