53.997 
53.976 
53.988 
53.981 
53.984 
53.978 
53.984 
53.969 
53.986 
53.975 
54.002 
53.992 
53.992 
53.967 
53.995 
53.990 
54.024 
54.017 
53.994 
54.011 
54.010 
54.003 
54.014 
53.994 
53.985 
53.992 
53.992 
53.982 
53.973 
53.968 
53.975 
53.979 
53.990 
54.001 
53.994 
54.003 
53.988 
54.004 
53.984 
53.991 
53.993 
53.988 
54.007 
54.004 
54.002 
54.005 
53.994 
53.976 
53.957 
53.936 
53.983 
53.993 
53.964 
53.985 
54.018 
54.018 
54.006 
53.997 
54.018 
54.016 
54.019 
53.998 
54.017 
53.997 
54.011 
54.000 
54.009 
53.992 
54.003 
54.000 
53.986 
53.995 
54.001 
53.977 
53.997 
53.971 
53.980 
53.965 
53.956 
53.998 
54.002 
54.000 
54.008 
54.017 
54.017 
53.995 
54.012 
54.023 
53.975 
54.013 
53.970 
53.994 
54.012 
54.029 
54.000 
53.985 
53.990 
53.984 
53.987 
53.982 
53.983 
53.985 
53.989 
54.016 
54.008 
54.011 
54.011 
54.034 
54.016 
54.012 
54.012 
53.998 
54.007 
54.013 
53.994 
54.008 
53.996 
54.007 
53.994 
53.987 
53.963 
53.967 
53.998 
67.843 
53.987 
54.000 
53.981 
53.999 
53.993 
53.997 
54.005 
54.011 
53.994 
54.011 
54.010 
54.003 
54.011 
53.986 
53.998 
53.996 
54.003 
53.999 
53.957 
53.993 
53.969 
53.966 
91.695 
53.992 
53.973 
53.995 
53.984 
53.998 
54.004 
54.015 
53.995 
53.955 
53.984 
53.977 
53.999 
53.995 
53.993 
53.971 
53.973 
54.007 
53.996 
54.006 
53.997 
54.002 
53.994 
53.986 
53.982 
53.993 
53.995 
53.986 
53.979 
53.977 
53.985 
53.977 
53.979 
53.973 
54.006 
53.982 
53.973 
53.981 
53.977 
53.976 
53.977 
53.985 
53.985 
53.987 
53.973 
53.965 
54.057 
53.959 
53.976 
53.972 
53.963 
53.991 
53.995 
53.988 
53.996 
53.987 
54.008 
54.013 
53.993 
53.992 
53.989 
53.995 
53.980 
53.995 
53.999 
53.996 
54.009 
53.976 
53.955 
53.968 
53.970 
53.976 
53.947 
53.948 
53.978 
53.981 
53.987 
53.962 
53.992 
53.991 
53.995 
53.999 
53.991 
53.978 
54.008 
53.976 
54.019 
53.996 
54.011 
54.000 
53.998 
53.993 
53.999 
53.968 
53.984 
53.984 
53.980 
53.968 
54.002 
53.973 
53.985 
53.991 
53.984 
53.998 
53.997 
53.978 
53.985 
53.993 
53.967 
53.992 
53.982 
53.985 
53.987 
53.981 
53.974 
53.988 
53.980 
53.979 
53.980 
53.966 
53.972 
53.975 
53.971 
53.946 
53.994 
53.981 
53.984 
53.958 
53.996 
53.995 
53.991 
53.991 
53.990 
53.985 
53.984 
53.972 
53.963 
53.967 
53.967 
53.974 
53.979 
54.044 
53.969 
53.985 
53.979 
53.972 
53.988 
53.978 
53.982 
53.984 
53.979 
53.981 
53.982 
53.982 
53.972 
53.966 
53.950 
53.971 
53.962 
53.972 
53.959 
53.970 
53.970 
53.957 
53.968 
53.974 
53.969 
53.970 
53.974 
53.974 
53.973 
53.964 
53.969 
53.991 
53.965 
53.969 
56.236 
53.974 
53.960 
53.973 
53.980 
53.948 
53.975 
53.980 
53.966 
53.974 
53.969 
53.968 
53.954 
53.971 
53.969 
53.953 
53.969 
53.969 
53.987 
53.970 
53.976 
53.974 
53.980 
53.986 
53.972 
53.950 
53.951 
53.975 
53.949 
53.956 
53.951 
53.952 
53.973 
53.946 
53.949 
53.959 
53.948 
53.977 
53.973 
53.974 
53.970 
53.972 
53.972 
53.969 
53.966 
53.980 
53.966 
53.980 
53.975 
53.992 
53.985 
53.982 
53.943 
53.972 
53.992 
53.988 
53.997 
53.953 
53.989 
53.976 
53.986 
53.963 
53.970 
53.972 
53.973 
53.969 
53.973 
53.999 
54.001 
53.992 
54.003 
54.008 
53.995 
53.999 
54.005 
53.993 
53.998 
53.997 
54.006 
54.014 
53.999 
53.996 
53.997 
53.993 
53.982 
53.991 
53.983 
53.968 
53.976 
53.972 
53.995 
54.008 
53.997 
54.004 
53.988 
53.995 
54.002 
54.003 
53.993 
53.980 
53.963 
54.008 
54.006 
53.992 
53.991 
