208.399 
208.036 
208.041 
208.017 
208.156 
208.114 
208.016 
208.024 
208.208 
208.214 
207.953 
208.101 
208.142 
207.836 
208.085 
207.920 
208.129 
207.976 
207.998 
207.921 
207.915 
208.048 
208.104 
208.326 
208.231 
208.080 
207.991 
208.244 
208.072 
207.989 
208.011 
207.939 
208.056 
208.157 
208.013 
207.906 
207.950 
207.909 
207.840 
207.928 
207.841 
207.834 
208.063 
208.325 
208.258 
208.167 
208.210 
208.121 
208.056 
208.092 
208.153 
208.181 
208.061 
208.389 
208.002 
207.904 
207.880 
208.261 
208.353 
208.083 
208.153 
207.933 
207.918 
208.034 
207.896 
208.124 
208.137 
208.042 
208.300 
208.073 
208.213 
208.395 
208.204 
208.107 
208.102 
208.075 
207.932 
208.036 
208.026 
208.280 
208.083 
208.067 
207.999 
207.937 
208.121 
208.218 
208.152 
208.142 
208.020 
207.927 
207.958 
208.065 
208.102 
208.124 
208.056 
208.028 
208.311 
208.133 
208.166 
208.158 
208.043 
208.108 
208.022 
208.053 
208.201 
208.075 
207.984 
207.956 
207.916 
207.978 
208.019 
208.032 
208.180 
207.997 
208.068 
208.280 
208.082 
208.053 
208.051 
208.063 
208.139 
208.178 
208.127 
208.171 
208.165 
208.109 
208.150 
208.112 
208.151 
207.831 
208.000 
208.043 
207.890 
208.088 
207.941 
207.943 
207.876 
208.023 
208.149 
208.122 
208.216 
208.065 
208.086 
208.190 
208.096 
207.987 
208.013 
208.003 
207.993 
207.920 
208.197 
208.028 
208.019 
207.960 
207.918 
208.027 
208.007 
207.911 
207.881 
207.959 
207.894 
208.145 
279.540 
279.709 
279.381 
207.974 
208.019 
208.076 
207.996 
208.205 
208.133 
207.937 
207.921 
208.322 
208.122 
208.030 
208.063 
207.899 
207.946 
207.881 
207.825 
207.899 
207.929 
207.823 
207.997 
207.924 
207.795 
207.953 
208.038 
208.058 
207.965 
207.868 
208.065 
207.913 
208.012 
207.861 
208.002 
208.074 
208.068 
208.131 
207.993 
208.012 
208.038 
207.802 
207.961 
207.908 
207.798 
207.942 
207.898 
207.971 
195.678 
195.742 
195.772 
195.667 
195.604 
195.734 
195.789 
195.739 
195.690 
195.637 
195.670 
195.705 
195.732 
195.628 
195.663 
195.632 
195.569 
195.549 
195.654 
195.701 
195.610 
195.594 
195.598 
195.712 
195.780 
195.752 
195.647 
195.673 
195.834 
195.782 
195.645 
195.684 
195.820 
195.768 
195.668 
195.576 
195.790 
195.721 
195.447 
195.690 
195.519 
195.466 
195.497 
195.453 
195.439 
195.453 
183.278 
195.654 
195.624 
195.796 
195.690 
195.743 
195.748 
195.698 
195.686 
195.745 
195.777 
195.667 
195.562 
195.506 
195.609 
195.791 
195.563 
195.663 
195.613 
195.794 
195.625 
195.727 
195.684 
195.605 
195.709 
195.715 
195.800 
195.864 
195.892 
196.079 
196.013 
195.676 
195.855 
195.681 
195.821 
195.621 
195.642 
195.713 
195.805 
195.785 
195.614 
195.724 
195.582 
195.558 
195.522 
195.512 
195.534 
195.504 
195.810 
195.579 
195.708 
195.693 
195.854 
195.898 
195.802 
195.640 
195.692 
195.724 
197.657 
195.565 
195.658 
195.755 
195.676 
195.701 
195.679 
195.609 
195.721 
195.649 
195.651 
195.634 
195.552 
195.506 
195.712 
195.506 
195.705 
195.732 
195.576 
195.791 
195.639 
195.700 
195.657 
195.708 
195.698 
195.596 
195.718 
195.701 
195.704 
195.746 
195.531 
195.581 
195.501 
195.532 
195.578 
195.573 
195.673 
195.525 
195.743 
195.630 
195.660 
195.644 
195.823 
195.790 
195.678 
195.580 
195.663 
195.712 
195.669 
195.811 
195.558 
195.791 
195.594 
195.688 
195.417 
195.643 
195.454 
195.584 
195.603 
195.613 
195.645 
195.716 
195.686 
195.809 
195.813 
195.798 
195.746 
195.739 
195.618 
195.703 
195.609 
195.715 
195.743 
195.711 
195.603 
195.514 
195.676 
195.735 
195.611 
195.796 
195.609 
195.702 
195.640 
195.537 
195.677 
195.643 
195.652 
195.857 
195.724 
195.717 
195.848 
195.725 
195.776 
195.718 
195.692 
195.713 
195.712 
195.524 
195.677 
183.569 
183.287 
183.225 
183.209 
183.269 
183.180 
183.128 
183.127 
183.228 
183.224 
183.443 
183.498 
195.705 
