291.737 
291.678 
291.733 
291.739 
291.726 
291.735 
372.523 
372.518 
372.522 
344.479 
344.455 
344.526 
344.490 
344.500 
270.998 
270.975 
270.970 
319.642 
319.601 
319.617 
319.648 
319.596 
319.646 
319.651 
319.612 
319.652 
319.595 
319.646 
319.621 
319.616 
319.582 
319.652 
319.656 
319.627 
270.927 
270.963 
270.992 
270.947 
270.987 
271.008 
270.991 
270.964 
270.977 
270.978 
270.943 
270.982 
270.964 
270.929 
270.923 
270.967 
343.202 
343.244 
270.977 
315.344 
320.408 
325.658 
313.005 
332.135 
338.139 
307.427 
319.918 
271.118 
271.064 
271.094 
271.117 
271.096 
271.085 
271.060 
271.101 
271.095 
276.522 
276.449 
276.523 
319.728 
326.875 
271.117 
271.093 
271.161 
271.057 
271.156 
271.084 
271.162 
271.209 
271.192 
271.553 
271.129 
271.154 
271.117 
271.123 
271.090 
290.359 
290.365 
290.407 
271.094 
271.089 
271.086 
271.108 
271.123 
290.402 
271.122 
271.077 
271.073 
271.097 
271.085 
271.095 
271.085 
271.071 
271.053 
271.129 
271.129 
271.094 
271.122 
271.099 
271.059 
271.030 
271.037 
271.079 
271.040 
271.061 
271.102 
271.089 
271.096 
271.117 
271.117 
271.131 
271.142 
271.157 
271.495 
271.115 
271.190 
271.163 
271.114 
321.518 
271.178 
271.273 
271.230 
271.181 
271.207 
271.227 
271.179 
271.207 
271.276 
271.209 
271.231 
271.234 
271.241 
271.251 
271.223 
271.264 
296.971 
297.613 
297.638 
297.705 
297.653 
297.644 
287.067 
287.058 
297.554 
290.348 
297.565 
271.078 
271.107 
271.018 
271.116 
271.062 
271.095 
271.081 
271.108 
271.041 
271.030 
271.090 
271.118 
271.056 
271.067 
271.067 
271.131 
271.091 
271.119 
271.052 
271.120 
271.069 
271.048 
271.072 
271.115 
271.114 
271.080 
271.089 
271.098 
271.063 
271.092 
271.081 
271.050 
271.044 
271.102 
271.076 
271.065 
271.090 
271.080 
271.110 
271.128 
271.019 
271.116 
271.094 
271.067 
271.040 
271.094 
271.079 
271.078 
271.062 
271.097 
312.344 
312.336 
312.335 
312.328 
271.128 
271.041 
271.046 
271.141 
271.091 
271.125 
271.143 
271.183 
271.183 
271.118 
271.133 
271.136 
271.087 
271.155 
271.095 
271.152 
271.132 
271.142 
271.095 
271.110 
271.054 
271.123 
271.109 
271.102 
263.855 
263.888 
263.883 
263.908 
263.917 
271.156 
271.134 
290.437 
271.127 
271.068 
271.168 
271.148 
271.176 
297.536 
297.590 
287.059 
287.076 
297.579 
297.585 
290.417 
290.400 
290.345 
290.368 
290.375 
290.422 
290.348 
271.056 
271.116 
271.089 
271.112 
271.134 
287.092 
287.405 
287.056 
342.131 
337.227 
301.509 
287.088 
297.516 
298.284 
291.176 
290.962 
300.286 
297.502 
297.500 
297.521 
297.528 
297.561 
297.508 
290.418 
290.373 
297.576 
290.420 
271.089 
290.450 
290.447 
290.416 
290.419 
290.490 
290.445 
290.449 
341.392 
271.182 
271.148 
271.184 
271.115 
271.125 
271.116 
271.125 
271.149 
271.143 
290.483 
290.481 
290.455 
290.478 
290.487 
271.132 
271.183 
271.118 
271.109 
271.116 
271.098 
297.608 
297.545 
287.122 
290.394 
271.121 
271.149 
271.041 
271.082 
271.078 
271.098 
271.114 
271.108 
271.086 
271.088 
271.105 
296.564 
296.536 
377.732 
296.575 
296.525 
296.519 
296.583 
296.589 
271.114 
271.121 
271.103 
271.052 
271.110 
271.060 
271.057 
271.120 
271.087 
271.107 
271.062 
271.104 
271.062 
271.107 
271.130 
271.110 
271.113 
271.104 
271.042 
271.052 
271.175 
271.097 
271.112 
271.056 
271.084 
271.123 
271.135 
271.102 
271.128 
271.059 
271.102 
271.056 
271.078 
271.121 
271.047 
271.116 
271.048 
271.122 
271.111 
271.058 
271.097 
271.035 
271.049 
271.112 
271.107 
271.125 
341.328 
299.153 
283.775 
271.137 
271.407 
271.093 
271.063 
271.107 
271.047 
271.068 
271.043 
271.058 
271.072 
271.039 
271.049 
271.068 
271.066 
271.705 
271.722 
271.739 
271.782 
307.676 
317.547 
326.961 
309.540 
271.774 
274.813 
271.751 
271.772 
271.745 
271.735 
271.714 
271.739 
271.727 
271.766 
271.706 
271.725 
271.740 
