43.802 
40.697 
40.662 
40.626 
40.839 
40.753 
40.817 
41.107 
40.968 
40.521 
41.007 
40.695 
40.968 
41.892 
40.601 
44.702 
44.204 
44.276 
41.965 
46.315 
46.783 
42.908 
45.850 
40.864 
40.695 
40.593 
41.373 
40.818 
40.658 
40.769 
40.721 
41.206 
40.424 
40.901 
41.038 
40.484 
44.066 
40.482 
40.956 
42.494 
40.520 
44.501 
44.740 
44.217 
40.956 
49.028 
45.054 
45.078 
42.238 
40.534 
40.874 
40.946 
40.596 
41.063 
40.616 
40.918 
40.785 
40.831 
40.675 
40.545 
40.946 
40.586 
42.892 
46.270 
46.540 
43.188 
43.543 
44.968 
43.621 
44.050 
44.609 
40.993 
40.902 
41.652 
41.378 
41.437 
40.642 
40.795 
40.712 
40.792 
40.905 
40.555 
40.892 
41.556 
41.940 
43.647 
41.638 
42.899 
44.935 
43.457 
43.597 
40.957 
43.639 
40.670 
40.587 
40.818 
40.776 
40.612 
40.742 
40.970 
40.921 
40.672 
43.993 
41.527 
41.296 
40.825 
45.539 
40.799 
40.743 
44.480 
48.411 
41.419 
40.874 
43.118 
43.641 
43.704 
44.193 
44.100 
41.120 
41.526 
41.329 
41.210 
40.952 
40.831 
40.727 
40.643 
40.818 
40.972 
40.593 
41.228 
40.751 
41.459 
44.769 
47.158 
46.407 
45.531 
43.909 
43.823 
42.852 
43.349 
40.678 
40.764 
40.609 
40.865 
42.608 
40.672 
40.853 
40.767 
40.853 
40.595 
40.787 
40.741 
40.817 
40.738 
40.765 
43.017 
43.809 
48.560 
52.405 
43.045 
45.498 
48.021 
42.411 
46.473 
46.026 
43.062 
40.698 
43.414 
40.775 
40.546 
40.776 
40.765 
40.610 
40.767 
40.800 
40.709 
40.752 
41.879 
41.789 
43.932 
43.252 
45.433 
44.903 
44.191 
40.763 
43.519 
40.727 
42.730 
40.642 
40.600 
40.662 
40.911 
43.681 
40.761 
41.025 
41.414 
42.020 
43.780 
41.137 
41.600 
40.965 
40.999 
43.396 
46.863 
42.969 
43.889 
41.537 
44.559 
44.644 
48.817 
41.488 
43.849 
47.915 
41.888 
40.908 
42.079 
41.826 
41.037 
42.420 
41.159 
41.936 
41.705 
42.604 
42.204 
41.082 
44.471 
41.461 
44.572 
44.698 
44.056 
43.012 
44.222 
43.000 
44.734 
44.627 
41.568 
43.368 
42.658 
43.691 
44.585 
44.432 
42.025 
41.199 
42.528 
42.047 
41.080 
40.625 
41.541 
44.357 
47.366 
44.405 
44.300 
48.360 
43.437 
46.615 
48.725 
46.719 
44.237 
42.049 
42.027 
45.145 
41.693 
43.916 
46.255 
41.058 
44.216 
40.685 
40.687 
42.553 
41.900 
44.283 
47.982 
47.662 
43.264 
44.346 
43.737 
43.421 
46.821 
44.740 
44.116 
44.142 
41.520 
42.603 
42.348 
42.705 
42.452 
41.238 
41.253 
41.143 
41.760 
43.701 
41.052 
40.870 
42.413 
43.638 
43.801 
43.769 
44.183 
42.081 
44.168 
45.706 
46.658 
44.970 
42.460 
42.150 
42.967 
41.788 
41.164 
40.975 
41.657 
41.885 
41.363 
41.387 
41.938 
41.416 
42.383 
42.536 
41.732 
44.122 
43.549 
45.601 
42.197 
43.476 
48.254 
45.257 
42.917 
44.320 
42.163 
41.963 
41.837 
41.933 
41.125 
41.090 
42.546 
40.928 
42.485 
41.827 
41.905 
41.193 
41.180 
42.646 
48.888 
43.795 
45.859 
42.839 
44.452 
44.139 
42.680 
42.560 
44.573 
41.073 
41.476 
42.168 
41.705 
43.153 
42.420 
41.703 
40.983 
42.351 
41.561 
41.099 
41.461 
41.068 
42.121 
42.006 
45.869 
43.384 
44.552 
46.079 
46.105 
42.099 
42.957 
45.059 
42.868 
41.616 
41.345 
41.814 
42.582 
42.624 
41.329 
40.748 
42.599 
41.052 
42.018 
41.600 
40.692 
42.735 
41.914 
42.683 
42.595 
40.479 
41.316 
41.817 
40.985 
41.851 
40.932 
41.260 
42.356 
41.820 
40.882 
40.965 
40.570 
41.896 
40.703 
40.520 
40.943 
41.108 
40.840 
40.811 
41.000 
40.776 
40.804 
42.354 
43.568 
40.780 
42.921 
