154.775 
154.780 
154.751 
154.769 
154.745 
154.801 
154.754 
154.749 
154.519 
154.815 
154.784 
154.890 
154.788 
154.782 
154.760 
154.780 
154.781 
154.741 
154.770 
154.757 
154.768 
154.763 
154.810 
154.796 
154.753 
154.774 
154.739 
154.726 
154.740 
154.732 
154.728 
154.710 
154.769 
154.761 
154.764 
154.829 
154.795 
154.761 
154.813 
154.770 
154.759 
154.738 
154.759 
154.772 
154.768 
154.749 
154.763 
154.730 
154.751 
154.757 
154.737 
154.716 
154.726 
154.740 
154.721 
154.749 
154.752 
154.738 
154.728 
154.756 
154.767 
154.739 
154.768 
154.787 
154.756 
154.770 
154.739 
154.781 
154.752 
154.775 
154.727 
154.740 
154.741 
154.754 
154.751 
154.730 
154.798 
154.732 
154.758 
154.753 
154.730 
154.758 
154.760 
154.772 
154.764 
154.818 
154.760 
154.805 
154.776 
154.806 
154.766 
154.773 
154.774 
154.778 
154.774 
154.764 
154.762 
154.737 
154.764 
154.736 
154.787 
154.765 
154.740 
154.779 
154.805 
154.803 
154.812 
154.796 
154.836 
154.765 
154.758 
154.727 
154.778 
154.753 
154.757 
154.787 
154.775 
154.800 
154.779 
154.755 
154.784 
154.758 
154.747 
154.720 
154.786 
154.731 
154.749 
154.733 
154.741 
154.780 
154.768 
154.734 
154.734 
154.731 
154.723 
154.782 
154.706 
154.755 
154.731 
163.515 
163.534 
163.513 
163.522 
163.534 
163.523 
163.542 
163.526 
154.742 
154.811 
154.772 
154.753 
154.734 
154.753 
154.732 
154.804 
154.723 
154.735 
154.870 
154.712 
154.733 
154.779 
154.764 
154.760 
154.742 
154.728 
154.735 
154.750 
154.686 
154.736 
154.771 
154.758 
154.701 
154.710 
154.688 
154.768 
154.727 
154.773 
154.802 
154.759 
154.801 
154.747 
154.780 
154.792 
154.744 
154.734 
154.790 
154.765 
154.770 
154.759 
154.745 
154.757 
154.778 
154.729 
154.773 
154.773 
154.728 
154.770 
154.729 
154.736 
154.750 
154.719 
154.731 
154.759 
154.720 
154.742 
154.741 
154.720 
154.719 
154.775 
154.760 
154.766 
154.721 
154.751 
154.708 
154.719 
154.718 
154.756 
154.729 
154.739 
154.775 
154.759 
154.785 
154.751 
154.744 
154.762 
154.852 
154.750 
154.778 
154.751 
154.748 
154.783 
154.747 
154.814 
154.758 
154.812 
154.800 
154.741 
154.753 
154.728 
154.729 
154.731 
154.708 
154.738 
154.749 
154.759 
154.758 
154.747 
154.815 
157.260 
154.770 
154.734 
154.791 
154.741 
154.801 
154.741 
154.712 
154.780 
154.739 
154.712 
154.774 
154.776 
154.759 
154.726 
154.754 
154.717 
154.737 
154.717 
154.792 
154.785 
154.815 
154.764 
154.763 
154.779 
154.775 
154.741 
154.761 
154.815 
154.788 
154.796 
154.787 
154.752 
154.755 
154.755 
154.774 
154.750 
154.810 
154.744 
154.774 
154.820 
154.764 
154.738 
154.801 
154.781 
154.778 
154.827 
154.825 
154.780 
154.846 
154.779 
154.779 
154.794 
154.763 
154.927 
154.791 
154.778 
154.759 
154.777 
154.764 
154.757 
154.782 
154.773 
154.751 
154.757 
154.764 
154.786 
154.741 
154.805 
154.765 
154.762 
154.713 
154.767 
154.743 
154.752 
154.742 
154.747 
154.749 
154.784 
154.792 
154.792 
154.775 
154.770 
154.792 
154.793 
154.804 
154.805 
154.750 
154.779 
154.800 
154.730 
154.701 
154.722 
