291.806 
291.795 
291.845 
291.805 
291.854 
372.620 
372.630 
372.636 
351.904 
344.605 
344.649 
344.650 
344.627 
344.600 
271.088 
271.118 
271.145 
319.717 
319.759 
319.772 
319.765 
319.722 
319.742 
319.743 
319.765 
319.740 
319.733 
319.777 
319.753 
319.754 
319.756 
319.774 
319.725 
319.723 
271.077 
271.077 
271.081 
271.044 
271.066 
271.100 
271.116 
271.089 
271.056 
271.104 
271.071 
271.058 
271.065 
271.042 
271.029 
271.011 
343.312 
343.545 
271.152 
324.773 
325.020 
323.407 
314.075 
343.727 
346.272 
315.797 
271.599 
271.258 
271.270 
271.267 
271.212 
271.193 
271.147 
271.153 
271.270 
271.216 
276.588 
276.584 
332.365 
320.295 
272.648 
271.249 
271.214 
271.282 
278.692 
271.237 
271.279 
271.271 
271.644 
271.721 
278.171 
271.272 
271.227 
271.202 
271.202 
271.234 
290.530 
290.502 
290.507 
271.212 
271.210 
271.203 
271.172 
271.203 
290.490 
271.194 
271.186 
271.226 
271.202 
271.177 
271.167 
271.160 
271.141 
271.179 
271.258 
271.233 
271.189 
271.212 
271.191 
271.174 
271.178 
271.156 
271.164 
271.159 
271.121 
271.170 
271.272 
271.177 
271.193 
271.224 
271.329 
271.273 
272.971 
272.142 
271.291 
271.656 
271.833 
271.692 
271.301 
271.305 
271.412 
271.349 
271.353 
271.336 
271.307 
271.286 
271.303 
271.299 
271.309 
271.389 
271.298 
271.308 
271.374 
271.375 
271.388 
299.774 
297.774 
297.744 
297.836 
297.807 
297.879 
287.246 
287.189 
297.643 
290.513 
297.684 
271.252 
271.206 
271.210 
271.238 
271.236 
271.215 
271.265 
271.258 
271.207 
271.149 
271.162 
271.237 
271.181 
271.183 
271.163 
271.209 
271.176 
271.179 
271.187 
271.253 
271.283 
271.246 
271.186 
271.184 
271.157 
271.303 
271.181 
271.171 
271.127 
271.161 
271.173 
271.162 
271.160 
271.192 
271.212 
271.217 
271.188 
271.217 
271.236 
271.235 
271.199 
271.245 
271.238 
271.179 
271.173 
271.202 
271.209 
271.212 
271.180 
271.218 
312.536 
312.412 
312.501 
312.417 
271.182 
271.199 
271.180 
271.217 
271.236 
271.284 
271.364 
271.712 
271.329 
271.405 
272.008 
271.789 
271.293 
271.310 
271.266 
271.322 
271.298 
271.300 
271.221 
271.192 
271.205 
271.211 
271.224 
271.200 
263.967 
263.969 
263.942 
264.011 
264.002 
271.252 
271.458 
290.656 
271.241 
271.274 
271.915 
272.504 
271.304 
297.724 
297.746 
287.161 
297.672 
297.682 
297.668 
290.519 
290.441 
290.502 
290.526 
290.598 
290.535 
290.538 
271.248 
271.220 
271.214 
271.244 
279.756 
287.181 
287.546 
341.961 
342.509 
340.765 
296.508 
297.697 
297.658 
322.701 
300.338 
291.420 
297.633 
297.680 
297.659 
297.657 
297.624 
297.651 
297.638 
290.489 
290.488 
297.658 
271.203 
271.190 
299.714 
290.640 
290.563 
290.792 
292.234 
290.606 
290.588 
271.313 
271.263 
271.321 
271.279 
271.233 
271.286 
271.257 
271.276 
271.238 
271.231 
290.525 
290.543 
290.548 
290.534 
290.600 
271.265 
271.317 
271.212 
271.233 
271.252 
271.221 
297.687 
297.721 
287.206 
271.260 
271.230 
271.194 
271.242 
271.160 
271.160 
271.156 
271.225 
271.220 
271.213 
271.167 
271.154 
296.623 
296.626 
377.802 
296.649 
296.666 
296.651 
296.674 
296.662 
271.194 
271.153 
271.190 
271.222 
271.214 
271.181 
271.194 
271.171 
271.178 
271.236 
271.172 
271.196 
271.285 
271.156 
271.221 
271.233 
271.183 
271.187 
271.177 
271.192 
271.235 
271.194 
271.199 
271.202 
271.165 
271.184 
271.208 
271.169 
271.197 
271.238 
271.211 
271.212 
271.170 
271.235 
271.208 
271.225 
271.250 
271.239 
271.199 
271.203 
271.222 
271.199 
271.192 
271.206 
271.290 
271.261 
330.798 
319.404 
314.899 
273.919 
274.372 
271.292 
271.205 
271.271 
271.135 
271.123 
271.119 
271.145 
271.140 
271.141 
271.132 
271.208 
271.156 
271.847 
271.913 
271.934 
271.945 
311.051 
325.217 
326.578 
312.155 
271.966 
309.776 
271.864 
271.836 
271.825 
271.866 
271.861 
271.829 
271.820 
271.834 
271.903 
271.779 
271.840 
