35.884 
35.132 
35.124 
35.154 
35.131 
35.084 
35.110 
35.148 
35.714 
35.385 
35.152 
35.833 
35.286 
35.740 
42.336 
35.359 
35.239 
35.344 
35.184 
35.818 
35.640 
36.075 
35.158 
35.140 
35.211 
35.370 
35.624 
35.105 
35.124 
35.128 
35.088 
35.643 
35.201 
35.150 
35.581 
37.861 
35.172 
35.248 
35.377 
36.115 
35.293 
35.215 
35.404 
35.259 
35.204 
35.165 
35.177 
35.219 
35.179 
35.510 
35.223 
35.102 
35.100 
35.256 
35.325 
35.255 
35.621 
38.731 
42.271 
35.537 
35.783 
35.375 
35.585 
35.200 
35.224 
35.588 
35.223 
35.155 
35.943 
35.143 
35.161 
35.323 
50.716 
35.295 
35.220 
35.245 
35.128 
35.171 
36.021 
37.375 
36.757 
37.059 
47.821 
73.275 
44.465 
35.854 
35.853 
35.443 
35.228 
35.526 
35.318 
35.713 
35.180 
35.184 
35.367 
35.664 
35.121 
35.141 
35.117 
35.203 
35.140 
35.728 
35.245 
35.559 
38.507 
35.527 
37.312 
36.053 
36.868 
35.695 
36.382 
36.791 
36.590 
36.263 
35.222 
35.756 
35.124 
49.579 
35.316 
35.136 
37.139 
35.155 
35.267 
35.206 
35.190 
35.590 
38.565 
40.335 
40.191 
35.919 
37.295 
41.015 
62.921 
38.462 
35.415 
36.481 
35.830 
35.229 
35.148 
35.148 
35.126 
35.128 
38.184 
36.270 
35.555 
35.125 
35.108 
35.156 
35.116 
35.203 
38.449 
36.342 
35.518 
39.975 
37.376 
36.455 
35.622 
48.130 
35.220 
35.678 
35.339 
35.482 
35.231 
35.158 
35.198 
35.132 
35.125 
35.150 
35.151 
35.199 
35.963 
36.035 
35.174 
35.352 
35.144 
35.213 
35.185 
35.441 
38.238 
40.787 
35.432 
35.674 
35.313 
35.157 
35.609 
35.353 
35.213 
35.171 
35.137 
35.151 
35.221 
35.314 
35.144 
35.253 
35.228 
35.154 
35.144 
49.715 
35.149 
35.149 
35.411 
35.469 
35.339 
36.495 
35.896 
51.065 
35.724 
35.715 
35.200 
43.903 
35.188 
35.166 
35.132 
35.132 
26.951 
26.938 
26.935 
26.949 
26.953 
26.912 
27.014 
27.231 
28.451 
28.784 
28.298 
33.113 
27.618 
29.184 
35.127 
29.321 
27.135 
34.216 
27.138 
27.055 
27.033 
27.277 
26.991 
42.018 
27.042 
26.993 
26.997 
27.023 
27.091 
27.272 
27.129 
28.760 
29.876 
27.578 
30.731 
29.114 
31.361 
27.866 
32.049 
27.567 
29.475 
28.046 
28.173 
27.617 
27.122 
26.991 
27.411 
27.507 
27.406 
27.298 
26.987 
27.153 
27.261 
28.150 
27.109 
27.227 
27.811 
27.756 
29.306 
33.426 
29.669 
27.159 
27.170 
27.281 
27.113 
27.617 
27.488 
27.097 
27.054 
27.072 
29.047 
27.047 
26.960 
26.935 
27.846 
26.938 
26.981 
29.966 
27.055 
29.709 
27.835 
27.565 
30.351 
27.237 
30.035 
27.420 
33.147 
28.799 
28.065 
27.682 
26.974 
27.085 
26.996 
26.992 
26.951 
26.981 
26.988 
26.959 
26.965 
26.940 
27.716 
27.112 
27.779 
27.444 
27.094 
29.755 
27.626 
29.089 
28.038 
30.017 
28.014 
28.649 
26.976 
27.595 
26.986 
26.991 
27.042 
74.553 
27.454 
26.953 
26.927 
39.076 
26.970 
26.973 
27.817 
27.005 
56.591 
46.844 
27.054 
99.488 
27.039 
27.790 
39.815 
28.509 
27.322 
57.606 
27.031 
27.581 
27.012 
27.147 
27.270 
27.392 
26.983 
26.986 
26.949 
26.977 
26.969 
27.011 
26.952 
27.008 
27.587 
27.341 
35.886 
27.764 
27.052 
27.354 
28.681 
27.217 
27.731 
27.329 
27.585 
27.563 
27.429 
27.491 
27.435 
26.974 
27.093 
27.506 
27.452 
26.951 
26.924 
26.961 
27.197 
27.026 
26.982 
27.287 
32.289 
29.330 
29.559 
27.693 
31.162 
27.380 
27.955 
27.030 
27.061 
27.015 
27.430 
26.940 
27.007 
28.087 
26.942 
27.139 
26.896 
28.077 
26.993 
26.848 
26.896 
27.376 
27.875 
27.191 
33.656 
29.239 
31.329 
29.139 
27.931 
27.502 
27.395 
27.387 
27.146 
26.951 
27.000 
26.944 
