155.133 
155.173 
156.054 
155.259 
155.154 
154.912 
154.894 
154.858 
154.597 
155.386 
155.771 
155.086 
155.435 
154.799 
154.882 
154.891 
154.817 
154.805 
154.811 
154.814 
154.794 
154.851 
154.840 
154.880 
154.855 
155.051 
155.326 
154.807 
155.381 
154.772 
154.771 
154.832 
154.822 
154.844 
155.100 
155.123 
155.532 
155.151 
154.856 
155.056 
154.839 
154.764 
154.797 
154.806 
154.890 
154.797 
154.841 
154.825 
154.825 
154.821 
154.789 
154.809 
154.779 
154.808 
154.775 
154.809 
154.843 
155.113 
155.396 
154.851 
154.849 
155.155 
154.830 
154.782 
155.152 
154.785 
154.761 
154.757 
154.821 
154.905 
154.911 
154.864 
154.929 
154.997 
154.883 
154.952 
154.939 
154.805 
155.117 
154.972 
154.820 
154.969 
155.188 
154.861 
155.199 
154.864 
155.175 
155.063 
155.095 
155.036 
154.816 
154.822 
154.876 
155.003 
154.887 
154.869 
155.295 
154.859 
154.848 
154.809 
154.820 
154.826 
154.845 
154.869 
154.908 
154.815 
154.888 
154.893 
154.831 
154.844 
154.881 
154.799 
154.865 
154.808 
154.788 
154.892 
154.846 
155.098 
154.803 
154.903 
154.804 
154.892 
155.063 
154.832 
154.819 
154.968 
154.865 
154.827 
154.904 
154.854 
154.917 
154.868 
155.148 
154.878 
155.386 
154.760 
154.802 
154.792 
164.264 
164.245 
163.921 
163.684 
163.801 
163.844 
163.900 
163.803 
163.755 
155.239 
155.360 
155.733 
155.849 
155.668 
156.189 
155.151 
155.728 
156.501 
156.369 
156.016 
155.416 
155.075 
155.897 
154.751 
154.781 
154.784 
154.770 
155.148 
154.781 
155.154 
154.768 
154.781 
154.887 
154.788 
154.759 
156.063 
155.865 
155.554 
155.684 
156.024 
154.825 
155.531 
154.818 
154.851 
155.031 
154.865 
154.807 
154.778 
155.429 
155.471 
157.234 
155.690 
155.714 
157.310 
157.529 
156.066 
156.224 
155.169 
156.569 
154.821 
156.042 
155.147 
155.404 
155.977 
155.044 
154.929 
154.828 
154.850 
155.184 
155.038 
155.011 
154.789 
154.781 
154.811 
154.881 
155.027 
155.135 
154.864 
155.536 
155.175 
155.013 
155.091 
154.941 
155.165 
155.071 
155.160 
155.263 
154.815 
154.892 
155.054 
155.187 
154.851 
155.119 
154.854 
155.888 
154.799 
155.329 
154.897 
155.099 
155.044 
155.556 
155.333 
155.647 
154.906 
155.323 
155.648 
154.874 
154.879 
154.846 
154.921 
155.289 
155.233 
154.904 
155.219 
155.434 
154.769 
154.952 
154.813 
155.757 
156.466 
154.979 
154.920 
154.989 
155.406 
154.988 
155.181 
155.138 
154.966 
154.878 
155.050 
155.738 
155.040 
155.407 
155.141 
155.538 
156.079 
155.467 
154.985 
155.539 
156.717 
154.825 
154.947 
154.766 
155.341 
155.147 
154.856 
154.949 
155.140 
154.938 
155.160 
155.051 
154.925 
155.040 
154.921 
155.427 
155.149 
156.001 
155.515 
156.534 
156.036 
155.297 
155.320 
155.760 
155.254 
155.538 
155.589 
154.821 
154.966 
155.549 
156.156 
155.825 
155.855 
156.677 
156.293 
156.002 
156.551 
155.712 
155.726 
155.523 
154.961 
154.850 
154.823 
154.814 
154.837 
154.804 
154.889 
154.895 
154.773 
154.829 
154.791 
154.827 
154.977 
154.921 
154.910 
154.870 
155.207 
154.880 
155.166 
154.886 
154.897 
155.287 
155.115 
