76.131 
41.627 
49.354 
43.424 
46.802 
43.639 
49.841 
45.005 
47.246 
44.260 
43.468 
45.962 
44.471 
44.793 
48.501 
43.262 
133.356 
132.212 
67.530 
135.558 
98.713 
199.465 
82.933 
123.347 
49.707 
41.445 
45.954 
41.872 
42.843 
44.084 
44.768 
46.123 
46.379 
41.630 
51.880 
51.124 
48.637 
48.634 
51.701 
56.785 
67.449 
98.402 
64.027 
67.646 
91.419 
86.431 
77.029 
120.159 
62.642 
44.675 
47.694 
41.373 
41.890 
44.230 
50.246 
44.098 
42.536 
43.953 
42.531 
45.774 
45.155 
42.950 
47.328 
65.923 
224.063 
109.906 
101.805 
141.315 
92.356 
63.439 
152.311 
150.363 
161.664 
41.606 
41.812 
144.964 
50.896 
49.900 
47.762 
48.848 
47.535 
48.173 
44.167 
42.117 
42.248 
43.700 
43.819 
241.220 
135.078 
169.121 
288.535 
141.949 
137.138 
92.431 
136.189 
41.896 
43.241 
41.925 
41.671 
43.893 
45.261 
41.497 
50.529 
52.177 
49.809 
58.411 
47.398 
50.792 
47.511 
49.137 
47.110 
118.016 
127.944 
218.534 
170.268 
93.607 
114.976 
125.770 
107.649 
93.584 
69.444 
52.177 
50.822 
48.653 
47.531 
47.291 
49.252 
43.716 
41.993 
44.052 
41.826 
42.200 
58.032 
44.080 
44.936 
112.028 
124.233 
150.194 
101.056 
228.144 
179.947 
146.981 
114.146 
41.369 
41.991 
44.269 
44.722 
41.537 
46.649 
42.603 
41.889 
43.431 
45.178 
43.920 
49.518 
42.840 
50.100 
43.443 
47.905 
211.529 
78.670 
84.009 
80.665 
95.165 
205.180 
105.406 
123.424 
158.937 
129.669 
62.577 
47.732 
43.389 
44.520 
52.902 
42.094 
45.530 
42.657 
41.724 
43.976 
41.941 
46.406 
48.722 
77.540 
140.223 
75.681 
129.277 
48.592 
113.711 
116.707 
148.709 
110.704 
41.555 
48.278 
46.437 
50.702 
41.434 
49.806 
43.062 
47.924 
49.152 
46.592 
48.228 
47.148 
51.386 
47.714 
47.766 
85.681 
122.590 
89.438 
82.552 
105.062 
150.571 
105.008 
115.030 
81.917 
94.477 
94.135 
50.074 
50.442 
45.993 
47.222 
49.245 
48.334 
45.066 
46.335 
46.810 
46.085 
48.389 
45.754 
47.417 
197.302 
169.608 
98.349 
198.061 
195.102 
86.801 
96.066 
85.147 
174.209 
68.480 
74.261 
92.935 
78.485 
88.445 
91.216 
52.807 
49.233 
48.658 
50.606 
50.326 
47.263 
49.424 
46.248 
52.559 
157.974 
76.755 
99.457 
74.492 
130.079 
80.986 
165.601 
77.285 
84.336 
86.056 
119.352 
89.288 
55.742 
165.345 
79.754 
47.049 
47.346 
50.415 
43.772 
49.606 
49.699 
47.760 
51.115 
81.140 
184.230 
832.972 
93.080 
145.859 
78.511 
154.993 
95.803 
93.827 
49.292 
48.724 
49.410 
49.253 
46.808 
45.476 
47.585 
46.671 
48.022 
45.731 
46.555 
46.328 
47.697 
49.465 
47.900 
96.390 
102.929 
77.657 
105.461 
129.450 
133.705 
117.378 
50.630 
153.465 
46.408 
46.404 
46.551 
46.610 
45.873 
47.011 
48.720 
50.156 
50.331 
44.683 
47.001 
50.738 
48.973 
48.065 
227.935 
72.833 
69.667 
57.750 
68.090 
129.589 
81.191 
80.697 
71.101 
74.870 
47.120 
49.280 
52.916 
48.055 
46.890 
47.397 
49.797 
46.295 
45.741 
47.860 
45.656 
50.056 
46.257 
49.519 
180.593 
85.947 
97.540 
332.390 
102.878 
91.328 
147.209 
61.708 
88.089 
46.445 
45.270 
50.159 
47.183 
45.308 
45.419 
45.578 
47.215 
46.307 
46.648 
46.357 
46.667 
48.115 
50.212 
84.552 
170.456 
207.501 
76.815 
124.906 
58.085 
89.599 
90.035 
104.552 
45.495 
44.416 
47.039 
47.257 
46.391 
44.534 
46.817 
49.431 
47.612 
46.846 
48.228 
47.288 
47.684 
47.675 
49.549 
91.281 
76.625 
70.642 
63.539 
75.736 
64.118 
69.163 
64.373 
82.492 
93.410 
58.405 
89.080 
45.529 
47.289 
43.731 
45.524 
51.177 
45.355 
48.354 
45.044 
44.108 
48.433 
45.808 
44.385 
139.403 
57.497 
60.935 
76.774 
51.874 
