54.093 
54.135 
54.088 
54.059 
54.204 
54.078 
54.103 
54.073 
54.128 
54.079 
54.020 
54.050 
54.071 
54.073 
54.029 
54.053 
54.050 
54.035 
54.066 
58.847 
54.175 
54.103 
54.022 
54.043 
54.021 
54.029 
54.025 
54.013 
54.055 
54.029 
54.114 
54.216 
54.203 
54.147 
54.088 
54.133 
54.389 
54.432 
54.549 
54.068 
54.067 
54.148 
54.128 
54.299 
54.141 
54.271 
54.253 
54.051 
54.018 
54.067 
54.005 
54.028 
54.014 
54.050 
54.031 
54.047 
54.373 
54.099 
54.136 
54.172 
54.590 
54.070 
54.066 
54.029 
54.088 
54.159 
54.151 
54.175 
54.174 
54.358 
54.095 
54.130 
54.091 
56.001 
54.074 
54.151 
54.070 
54.184 
54.282 
54.386 
54.565 
54.317 
54.280 
54.623 
55.239 
54.072 
54.099 
54.516 
54.059 
54.042 
54.051 
54.058 
54.471 
54.064 
54.121 
54.060 
55.265 
54.038 
54.015 
54.014 
54.017 
54.012 
54.068 
54.092 
54.117 
54.306 
54.146 
54.391 
54.319 
67.202 
54.233 
54.145 
54.186 
54.295 
54.167 
54.135 
54.322 
54.262 
54.212 
54.156 
54.121 
54.174 
54.184 
54.021 
54.038 
54.014 
54.778 
54.044 
54.063 
54.227 
54.085 
54.150 
54.143 
54.140 
54.027 
54.039 
54.187 
54.064 
54.120 
54.047 
54.043 
54.083 
54.126 
54.099 
54.191 
54.186 
54.090 
54.036 
54.069 
54.124 
54.118 
55.904 
54.110 
54.301 
54.114 
54.193 
54.149 
54.307 
54.052 
54.078 
54.689 
54.127 
54.035 
54.184 
54.059 
54.539 
54.050 
54.041 
54.008 
54.020 
54.144 
54.023 
54.011 
54.024 
54.033 
54.042 
54.029 
54.035 
54.060 
54.188 
54.448 
54.313 
54.257 
54.345 
54.127 
54.101 
54.195 
54.139 
54.163 
54.156 
54.102 
54.117 
54.075 
54.114 
54.118 
54.124 
54.085 
54.167 
54.172 
54.020 
54.030 
54.054 
54.045 
54.363 
54.168 
54.148 
54.251 
54.068 
54.022 
54.044 
54.030 
54.035 
54.024 
54.077 
54.184 
54.044 
54.103 
54.163 
54.147 
54.175 
54.133 
54.347 
54.133 
54.378 
54.283 
55.689 
54.498 
54.433 
54.093 
55.383 
54.134 
54.290 
54.089 
54.235 
54.144 
54.393 
54.097 
54.044 
54.109 
54.085 
54.036 
54.020 
54.009 
54.004 
54.006 
54.036 
54.121 
54.049 
55.256 
54.031 
54.111 
54.023 
54.074 
54.572 
54.019 
54.056 
54.034 
54.031 
54.066 
54.031 
54.010 
54.016 
54.018 
54.004 
54.023 
54.046 
54.023 
54.135 
54.022 
54.014 
54.060 
54.035 
54.063 
54.080 
63.940 
54.015 
54.036 
54.038 
54.126 
54.104 
54.045 
54.031 
54.008 
54.050 
54.025 
54.041 
54.005 
54.013 
54.007 
54.329 
54.006 
54.041 
54.033 
54.007 
54.008 
54.036 
54.025 
54.048 
54.006 
54.025 
54.011 
54.021 
54.015 
53.996 
54.130 
54.004 
54.011 
54.005 
53.993 
54.012 
54.015 
54.005 
54.014 
54.019 
54.028 
54.005 
54.014 
54.028 
54.033 
54.054 
54.029 
54.020 
54.004 
54.020 
53.999 
54.001 
54.004 
54.099 
54.068 
54.048 
54.006 
54.046 
54.020 
54.005 
54.057 
54.005 
54.014 
53.992 
53.999 
53.998 
53.999 
54.004 
54.018 
54.020 
54.027 
54.001 
54.009 
54.037 
54.009 
54.027 
54.013 
54.029 
54.015 
54.028 
54.023 
53.997 
54.014 
54.015 
54.021 
54.038 
54.020 
53.999 
53.991 
54.006 
54.011 
54.292 
54.014 
54.012 
54.230 
54.156 
54.024 
54.297 
54.007 
54.021 
54.008 
54.082 
54.048 
54.055 
54.017 
54.059 
54.006 
54.197 
54.050 
54.005 
53.995 
53.993 
54.032 
54.029 
54.043 
54.079 
54.100 
54.472 
54.084 
54.051 
54.039 
54.046 
54.712 
54.052 
55.271 
54.284 
54.065 
54.233 
54.041 
54.138 
54.040 
54.027 
54.016 
54.017 
54.014 
54.019 
54.019 
54.833 
54.041 
54.055 
54.081 
56.814 
54.904 
54.574 
54.080 
54.086 
54.207 
54.057 
55.230 
54.070 
54.208 
54.040 
