204.705 
205.451 
205.404 
205.500 
205.427 
205.371 
205.421 
205.415 
205.265 
201.954 
211.675 
214.477 
204.731 
204.665 
204.702 
205.235 
205.264 
204.731 
204.750 
204.726 
204.664 
204.713 
204.789 
204.658 
214.452 
214.984 
215.217 
215.247 
215.220 
215.307 
204.741 
204.754 
204.746 
205.278 
205.431 
205.440 
205.396 
205.441 
205.269 
205.295 
205.358 
205.257 
205.245 
205.393 
205.467 
205.390 
205.423 
205.448 
205.445 
205.432 
205.373 
205.354 
204.692 
204.766 
204.699 
205.520 
204.732 
204.677 
205.217 
204.718 
204.686 
205.482 
205.458 
205.424 
205.401 
205.432 
204.728 
205.550 
205.391 
205.382 
205.373 
205.250 
205.242 
205.305 
205.227 
205.253 
205.378 
205.253 
204.719 
204.756 
205.249 
205.217 
205.213 
205.276 
204.648 
204.648 
204.690 
205.174 
205.256 
204.659 
204.706 
205.602 
204.724 
204.678 
204.722 
204.678 
204.680 
204.716 
204.757 
204.699 
204.741 
204.800 
204.698 
205.403 
204.666 
204.698 
205.237 
205.376 
205.398 
205.374 
205.393 
204.725 
205.370 
205.352 
205.381 
205.392 
204.689 
205.248 
205.301 
205.250 
204.660 
204.717 
204.681 
204.716 
204.700 
204.829 
204.661 
205.271 
205.303 
205.242 
205.255 
204.650 
204.690 
204.674 
204.706 
205.205 
205.197 
205.232 
204.666 
204.708 
204.695 
204.668 
204.706 
204.694 
205.255 
205.271 
205.244 
205.204 
205.238 
205.313 
205.405 
204.673 
204.671 
204.653 
204.651 
204.629 
205.179 
205.231 
204.685 
205.254 
205.455 
205.372 
204.695 
204.697 
204.870 
204.723 
204.761 
204.724 
204.712 
205.299 
204.757 
205.379 
205.335 
205.295 
205.270 
205.271 
204.697 
205.397 
205.396 
204.694 
205.177 
204.720 
205.253 
205.237 
205.479 
204.687 
205.208 
205.274 
205.282 
205.288 
205.227 
205.310 
205.182 
205.199 
205.326 
205.276 
204.699 
205.379 
205.240 
205.230 
204.680 
204.660 
204.646 
204.697 
204.737 
204.703 
205.404 
205.182 
206.780 
205.166 
205.189 
205.270 
205.255 
205.213 
205.216 
205.403 
205.191 
205.200 
205.256 
205.238 
205.250 
205.361 
205.214 
204.654 
204.640 
204.618 
205.220 
204.615 
204.596 
204.629 
204.616 
205.152 
204.690 
205.367 
205.233 
204.685 
204.668 
204.628 
204.696 
204.637 
205.168 
205.221 
205.230 
204.658 
204.679 
204.627 
204.625 
204.631 
204.625 
205.430 
205.173 
205.460 
205.367 
205.209 
205.237 
204.670 
204.660 
204.606 
204.649 
204.686 
205.308 
205.204 
205.172 
205.348 
205.393 
205.331 
205.362 
205.213 
205.220 
205.378 
204.687 
205.155 
205.388 
204.648 
204.654 
204.667 
205.177 
205.216 
204.665 
204.707 
204.609 
204.696 
205.246 
205.227 
205.231 
205.291 
205.222 
205.247 
205.203 
205.365 
204.671 
204.650 
204.672 
204.730 
205.235 
205.344 
205.371 
205.184 
205.334 
205.303 
205.235 
204.749 
204.631 
205.416 
205.346 
205.389 
205.343 
205.370 
205.465 
205.355 
205.738 
205.379 
205.429 
205.354 
204.671 
204.692 
204.760 
204.785 
204.685 
204.640 
205.402 
204.700 
204.719 
204.621 
205.294 
205.228 
204.611 
204.677 
222.553 
214.048 
214.186 
219.645 
214.525 
214.047 
214.044 
214.205 
214.161 
214.063 
214.150 
214.052 
