204.693 
205.378 
205.437 
205.466 
205.446 
205.410 
205.439 
205.572 
205.264 
202.000 
211.681 
214.549 
204.692 
204.685 
204.710 
205.255 
205.245 
204.681 
204.779 
204.904 
204.732 
204.712 
204.734 
204.654 
214.597 
215.058 
215.225 
215.265 
215.182 
215.218 
205.112 
204.740 
204.710 
205.350 
205.250 
205.481 
205.433 
205.476 
205.263 
205.303 
205.298 
205.249 
205.308 
205.441 
205.404 
205.347 
205.390 
205.468 
205.460 
205.442 
205.399 
205.433 
205.423 
204.783 
204.799 
205.249 
204.804 
204.731 
205.256 
204.722 
204.681 
205.387 
205.332 
205.432 
205.450 
205.380 
205.391 
205.381 
205.458 
205.378 
205.429 
205.246 
205.264 
205.293 
205.269 
205.272 
205.267 
205.208 
204.683 
204.750 
204.690 
205.241 
205.216 
205.222 
204.653 
204.728 
204.670 
205.248 
205.242 
204.761 
204.707 
205.741 
204.778 
204.697 
204.711 
204.661 
204.721 
204.708 
204.696 
204.714 
204.695 
204.680 
204.706 
205.435 
204.657 
204.677 
204.649 
205.404 
205.407 
205.378 
205.412 
204.691 
205.443 
205.382 
205.455 
205.421 
204.677 
205.230 
205.234 
205.255 
204.653 
204.667 
204.687 
204.692 
204.698 
204.642 
204.651 
205.191 
205.193 
205.292 
205.185 
204.707 
204.748 
204.655 
204.654 
205.199 
205.173 
205.316 
204.652 
204.744 
204.737 
204.696 
204.781 
204.756 
205.361 
206.245 
205.265 
205.230 
205.259 
205.241 
204.734 
205.443 
204.724 
204.679 
205.252 
204.648 
205.187 
204.679 
205.257 
205.235 
205.478 
205.533 
205.502 
204.671 
204.770 
204.757 
204.744 
214.731 
204.702 
204.780 
205.291 
205.003 
205.279 
205.271 
205.317 
205.214 
204.702 
204.735 
205.411 
204.684 
205.217 
205.196 
204.684 
205.277 
205.242 
205.239 
205.178 
205.250 
205.283 
205.233 
205.227 
205.239 
205.269 
205.237 
205.304 
205.271 
205.186 
205.218 
205.661 
205.236 
205.377 
204.641 
204.649 
204.630 
204.655 
204.707 
205.448 
205.169 
204.717 
205.258 
205.238 
205.302 
205.248 
205.232 
205.256 
205.358 
205.238 
205.574 
205.243 
205.273 
205.217 
205.446 
205.246 
204.620 
204.586 
204.655 
205.201 
205.399 
204.637 
204.677 
204.602 
205.193 
205.193 
204.637 
205.339 
204.700 
204.660 
204.652 
204.632 
204.659 
204.587 
205.177 
205.192 
205.256 
204.667 
204.610 
204.636 
204.632 
204.633 
205.373 
205.163 
205.216 
205.369 
205.248 
205.239 
205.387 
204.697 
204.612 
204.662 
204.634 
205.187 
205.194 
205.206 
205.362 
205.356 
205.364 
205.312 
205.380 
205.214 
205.426 
204.627 
205.167 
205.250 
205.142 
204.638 
204.634 
204.692 
205.178 
204.671 
204.615 
204.648 
204.654 
204.656 
205.209 
205.171 
205.280 
205.227 
205.235 
205.281 
205.380 
204.636 
204.676 
204.636 
204.640 
204.654 
205.337 
205.407 
205.195 
205.202 
205.316 
205.228 
205.206 
204.712 
205.381 
205.389 
205.368 
205.357 
205.398 
205.358 
205.377 
211.827 
205.413 
205.395 
205.391 
204.654 
204.666 
204.654 
204.814 
204.656 
204.756 
204.688 
204.741 
204.660 
204.683 
204.656 
205.187 
205.256 
204.686 
204.685 
214.969 
214.068 
214.108 
214.155 
214.161 
218.613 
214.196 
214.137 
214.121 
214.114 
214.113 
204.676 
