35.141 
35.347 
35.075 
35.110 
35.126 
35.836 
35.186 
35.120 
35.167 
35.342 
35.444 
35.224 
35.382 
35.382 
38.438 
35.183 
35.304 
35.312 
35.201 
35.188 
35.158 
35.207 
35.441 
35.133 
35.397 
35.119 
35.118 
35.377 
35.423 
35.210 
35.135 
37.869 
35.203 
35.164 
35.505 
35.178 
35.673 
35.852 
35.347 
35.210 
35.810 
35.506 
35.716 
35.237 
35.151 
35.187 
35.233 
35.155 
35.154 
35.159 
35.171 
35.123 
35.131 
35.442 
35.353 
38.763 
35.765 
36.379 
38.173 
35.996 
39.041 
36.584 
48.279 
35.236 
35.188 
37.478 
35.182 
35.262 
35.206 
35.210 
35.166 
35.351 
35.166 
35.177 
35.122 
35.119 
35.205 
35.306 
35.775 
36.903 
37.394 
35.491 
39.312 
39.667 
39.561 
37.383 
38.201 
35.272 
35.914 
35.189 
35.173 
35.166 
35.709 
35.276 
35.749 
35.232 
35.167 
35.130 
35.149 
35.118 
35.182 
35.204 
35.629 
35.626 
37.226 
47.475 
40.566 
38.332 
37.136 
35.289 
36.872 
35.680 
35.722 
35.269 
35.208 
35.387 
35.171 
35.179 
35.140 
35.144 
35.177 
35.141 
35.191 
35.100 
35.121 
35.202 
36.373 
41.631 
35.947 
41.621 
35.703 
38.058 
44.708 
36.317 
35.707 
35.483 
35.506 
35.159 
35.207 
35.241 
35.185 
35.201 
35.238 
35.145 
35.217 
35.123 
35.134 
35.104 
35.138 
35.260 
36.089 
35.528 
35.343 
36.550 
37.586 
36.202 
35.724 
35.834 
38.439 
35.261 
35.292 
35.155 
38.834 
35.198 
35.124 
35.158 
36.229 
35.128 
35.122 
35.127 
35.187 
35.108 
35.113 
35.392 
35.212 
35.215 
35.208 
35.258 
35.329 
35.382 
35.299 
35.193 
35.224 
35.184 
35.162 
51.734 
35.145 
35.191 
35.152 
35.156 
35.222 
35.162 
35.483 
35.133 
35.184 
35.117 
35.128 
35.156 
35.122 
35.162 
35.376 
35.169 
35.487 
44.351 
35.520 
36.053 
35.162 
39.258 
36.310 
35.146 
35.112 
35.132 
35.163 
35.135 
27.033 
26.980 
26.974 
26.944 
26.945 
26.957 
27.073 
27.287 
27.330 
29.669 
31.890 
36.586 
31.235 
30.191 
29.412 
27.721 
27.562 
27.078 
27.082 
27.067 
27.142 
27.326 
27.354 
41.671 
27.623 
27.256 
27.050 
26.970 
27.029 
27.089 
27.026 
27.120 
28.510 
29.449 
30.549 
39.792 
28.274 
28.224 
29.348 
27.767 
27.081 
27.829 
27.774 
27.008 
26.984 
26.979 
26.975 
27.027 
27.068 
26.936 
27.537 
27.435 
27.348 
27.297 
26.991 
28.601 
27.753 
33.629 
32.691 
31.643 
34.008 
27.382 
27.175 
30.307 
27.943 
27.637 
28.502 
27.185 
26.993 
27.015 
35.662 
27.052 
26.975 
27.012 
26.934 
26.956 
27.216 
27.644 
26.998 
28.740 
27.925 
29.023 
32.790 
31.429 
28.298 
27.287 
27.082 
27.797 
27.202 
27.047 
27.060 
27.025 
26.979 
26.920 
27.000 
27.042 
26.965 
26.970 
27.261 
26.947 
26.891 
27.025 
27.272 
27.724 
30.715 
27.375 
33.183 
30.100 
27.718 
27.710 
30.842 
27.009 
26.979 
27.672 
27.004 
27.057 
27.918 
26.991 
27.038 
27.322 
26.974 
62.036 
26.990 
26.966 
31.877 
29.014 
27.126 
27.176 
27.040 
81.276 
27.487 
27.201 
27.096 
27.043 
40.379 
47.701 
27.095 
27.039 
31.548 
27.769 
26.980 
26.984 
27.441 
26.979 
26.972 
26.934 
26.965 
26.958 
26.994 
26.943 
26.940 
26.983 
27.105 
27.102 
26.997 
27.704 
27.195 
52.012 
27.731 
27.635 
27.980 
27.177 
27.033 
27.013 
26.964 
26.998 
27.006 
26.983 
27.386 
26.957 
26.937 
26.970 
26.948 
27.117 
28.750 
27.142 
28.589 
32.807 
27.797 
29.243 
27.337 
27.390 
29.161 
27.206 
96.956 
27.036 
27.465 
26.921 
26.948 
26.953 
26.924 
27.554 
26.889 
29.108 
26.909 
26.987 
26.874 
26.905 
26.963 
29.417 
27.230 
28.171 
29.664 
28.638 
28.146 
27.205 
27.028 
27.187 
27.113 
26.957 
26.938 
27.215 
