54.020 
54.015 
54.027 
54.006 
54.031 
54.016 
54.022 
54.045 
54.030 
54.093 
54.083 
54.110 
54.037 
54.091 
54.158 
54.097 
54.311 
54.150 
54.153 
54.310 
54.328 
54.150 
54.202 
54.169 
54.160 
54.227 
54.091 
54.082 
54.036 
54.099 
54.011 
54.030 
54.051 
54.174 
54.015 
54.127 
54.051 
54.039 
54.061 
54.039 
54.031 
54.019 
54.119 
54.057 
54.058 
54.041 
54.063 
54.052 
54.154 
54.055 
54.162 
54.109 
54.109 
54.117 
79.380 
54.108 
54.118 
54.121 
54.171 
54.817 
54.226 
54.099 
54.149 
54.180 
54.101 
54.067 
54.078 
54.138 
54.129 
54.076 
54.055 
54.025 
54.065 
54.067 
54.086 
54.034 
54.012 
54.014 
54.045 
54.069 
54.221 
54.721 
54.048 
54.822 
54.096 
54.957 
54.179 
54.231 
54.191 
54.104 
54.066 
54.150 
58.260 
77.042 
54.094 
54.132 
54.194 
54.087 
54.129 
54.063 
54.084 
54.148 
54.125 
54.373 
54.199 
54.304 
54.531 
54.422 
54.120 
54.123 
54.136 
54.057 
54.184 
54.073 
54.246 
54.039 
54.046 
54.048 
54.076 
54.023 
54.134 
54.123 
54.231 
82.704 
54.164 
54.215 
54.048 
54.134 
54.133 
54.111 
54.556 
54.139 
54.267 
54.107 
54.097 
54.171 
54.334 
54.349 
54.138 
54.034 
54.182 
54.031 
54.037 
54.020 
54.031 
54.035 
98.604 
54.028 
54.029 
54.104 
54.028 
54.070 
54.030 
54.066 
54.085 
54.090 
54.133 
59.852 
54.116 
54.113 
54.162 
54.330 
54.291 
54.115 
54.159 
54.125 
54.286 
54.352 
54.138 
54.058 
54.143 
54.080 
54.088 
54.123 
54.061 
54.277 
54.029 
54.056 
54.296 
54.092 
54.050 
54.221 
54.036 
54.027 
54.417 
54.028 
54.014 
54.077 
54.070 
54.083 
54.056 
54.675 
54.198 
54.166 
54.120 
54.271 
54.221 
54.151 
54.158 
54.076 
54.105 
54.067 
54.190 
54.155 
54.224 
54.148 
54.109 
54.153 
54.071 
54.232 
54.215 
54.626 
54.098 
54.033 
54.008 
54.000 
53.999 
54.011 
53.998 
54.015 
53.998 
54.058 
54.067 
54.394 
54.052 
57.620 
54.461 
54.603 
54.401 
54.979 
54.177 
54.105 
54.355 
54.472 
54.137 
54.110 
54.184 
54.163 
54.110 
54.139 
54.437 
54.014 
54.090 
54.054 
54.147 
54.032 
54.022 
54.065 
54.870 
54.078 
54.243 
54.405 
54.051 
54.024 
54.110 
54.057 
54.016 
54.033 
54.404 
54.083 
54.010 
54.034 
54.054 
54.003 
54.081 
54.009 
54.319 
54.014 
54.008 
54.031 
54.324 
54.051 
54.033 
54.066 
54.099 
54.027 
54.032 
54.249 
54.027 
54.014 
54.022 
54.022 
54.009 
54.018 
54.003 
54.025 
54.030 
54.088 
54.001 
54.020 
54.018 
53.998 
54.048 
54.040 
54.037 
56.244 
54.025 
54.014 
54.014 
54.011 
54.030 
54.008 
79.851 
53.995 
54.018 
54.436 
54.022 
54.004 
54.008 
54.018 
54.214 
54.000 
54.025 
54.023 
53.989 
54.038 
54.006 
54.033 
53.998 
54.022 
53.999 
54.029 
93.873 
54.213 
54.013 
53.993 
54.023 
54.021 
54.019 
54.007 
54.080 
54.070 
53.994 
54.002 
54.014 
54.001 
53.997 
53.996 
54.018 
54.027 
54.113 
55.551 
54.029 
54.027 
54.044 
54.042 
54.000 
54.012 
54.022 
54.005 
54.045 
54.011 
54.029 
53.996 
54.021 
54.011 
53.995 
54.014 
54.000 
54.017 
54.016 
53.992 
54.003 
54.002 
53.991 
54.021 
54.052 
54.019 
54.015 
54.037 
54.007 
54.019 
54.062 
54.169 
54.041 
54.023 
54.299 
54.058 
54.029 
56.479 
54.385 
54.007 
54.006 
54.005 
54.002 
54.181 
54.005 
53.992 
54.218 
54.017 
54.090 
54.107 
54.363 
54.141 
54.383 
54.123 
54.089 
54.054 
54.094 
54.023 
54.067 
54.059 
54.231 
54.048 
54.238 
54.027 
54.007 
54.196 
54.018 
54.031 
54.021 
54.011 
54.070 
54.042 
54.044 
54.079 
54.062 
54.968 
54.077 
54.094 
54.070 
54.251 
54.034 
54.951 
54.095 
55.093 
54.083 
