209.387 
208.450 
208.609 
208.402 
208.889 
208.382 
208.723 
208.456 
208.948 
210.165 
208.337 
208.481 
209.034 
208.639 
209.586 
209.364 
209.335 
208.837 
209.254 
208.925 
209.245 
208.921 
209.257 
209.953 
208.689 
208.332 
208.464 
208.586 
208.302 
208.387 
208.244 
208.335 
209.295 
208.852 
209.989 
208.409 
208.872 
208.410 
208.158 
208.646 
208.480 
208.153 
208.332 
233.234 
214.102 
208.391 
209.221 
208.415 
208.913 
209.968 
208.362 
208.642 
208.893 
209.123 
208.762 
211.450 
208.713 
210.241 
208.640 
208.531 
208.709 
209.023 
209.116 
208.270 
208.425 
222.723 
208.902 
214.048 
208.847 
208.734 
208.749 
208.693 
208.501 
208.494 
208.733 
208.392 
208.267 
208.330 
208.532 
210.410 
208.517 
208.599 
208.518 
208.445 
208.472 
208.598 
220.882 
213.118 
209.408 
208.414 
208.799 
209.424 
208.478 
208.611 
208.477 
208.445 
209.532 
209.058 
211.647 
209.677 
210.924 
208.612 
208.272 
208.356 
208.813 
208.450 
208.366 
208.294 
208.239 
208.519 
208.511 
208.264 
208.537 
208.478 
208.303 
208.703 
210.702 
210.359 
208.699 
216.303 
210.116 
209.060 
210.429 
208.711 
208.617 
208.899 
208.626 
211.992 
208.509 
208.446 
208.309 
212.933 
208.339 
211.897 
208.319 
208.249 
208.312 
211.398 
208.313 
208.692 
208.583 
214.842 
208.558 
208.716 
208.374 
209.194 
208.436 
208.383 
208.564 
208.431 
208.373 
208.320 
208.281 
208.337 
208.504 
208.472 
208.732 
208.316 
208.293 
208.325 
208.356 
208.392 
279.901 
280.276 
280.230 
208.358 
212.613 
208.401 
209.736 
208.964 
208.549 
210.414 
208.381 
209.332 
209.014 
208.752 
208.844 
208.324 
208.281 
208.531 
208.257 
208.145 
208.189 
208.043 
208.190 
208.559 
208.180 
208.261 
208.420 
208.490 
208.336 
208.265 
208.692 
212.427 
208.303 
208.214 
208.530 
208.297 
208.301 
209.778 
208.509 
208.374 
208.838 
208.235 
208.455 
208.242 
221.460 
208.266 
208.224 
208.383 
195.939 
196.011 
196.027 
198.448 
196.028 
196.398 
196.199 
195.933 
196.027 
196.639 
196.990 
199.089 
195.986 
196.607 
199.342 
196.142 
196.129 
195.901 
196.178 
196.655 
196.389 
196.342 
196.909 
196.511 
197.428 
197.340 
196.851 
196.454 
197.369 
199.288 
198.124 
196.697 
196.155 
196.250 
198.049 
196.696 
200.838 
196.055 
196.065 
195.861 
195.812 
195.901 
195.867 
195.701 
195.690 
195.975 
184.119 
196.552 
196.212 
196.983 
197.817 
196.691 
197.128 
196.459 
196.145 
196.255 
196.637 
196.007 
195.816 
195.846 
196.132 
195.922 
196.537 
196.803 
197.393 
197.909 
199.211 
198.231 
199.815 
197.417 
201.832 
196.186 
196.605 
198.093 
196.799 
202.850 
204.445 
198.051 
196.458 
201.859 
196.180 
196.175 
196.719 
196.079 
196.098 
195.965 
196.445 
196.548 
196.487 
196.081 
196.968 
196.033 
197.881 
197.466 
196.437 
196.544 
200.615 
201.372 
199.121 
197.446 
196.498 
196.638 
196.491 
196.122 
200.865 
196.320 
196.051 
196.697 
197.969 
195.952 
196.432 
195.862 
196.333 
196.675 
196.029 
196.632 
197.016 
196.180 
196.776 
196.787 
197.507 
196.517 
196.212 
196.149 
196.487 
196.136 
196.092 
196.220 
196.377 
195.918 
196.212 
196.136 
195.948 
197.230 
196.024 
196.819 
195.981 
196.129 
196.079 
196.234 
196.429 
196.054 
196.329 
196.084 
196.313 
196.738 
197.095 
196.372 
196.411 
196.293 
196.710 
198.689 
196.085 
197.693 
195.842 
196.251 
196.378 
196.416 
196.076 
196.091 
196.122 
195.996 
196.882 
195.949 
196.309 
195.961 
196.227 
196.208 
196.485 
196.554 
196.864 
196.126 
196.968 
199.981 
198.431 
196.461 
197.005 
197.354 
196.320 
196.485 
195.924 
195.876 
197.486 
197.145 
197.173 
197.757 
197.733 
197.102 
197.984 
197.217 
196.386 
197.860 
196.177 
202.814 
196.097 
196.482 
196.053 
196.066 
196.350 
195.921 
196.218 
195.865 
195.913 
183.746 
184.014 
183.701 
184.115 
183.849 
184.232 
183.409 
183.506 
183.914 
184.047 
189.621 
185.466 
195.904 
