291.826 
291.796 
291.848 
291.828 
291.830 
291.831 
372.601 
372.656 
372.627 
344.578 
344.575 
344.588 
344.589 
344.626 
271.126 
271.059 
271.127 
319.731 
319.721 
319.738 
319.713 
319.697 
319.704 
319.734 
319.706 
319.705 
319.707 
319.712 
319.727 
319.753 
319.695 
319.718 
319.732 
319.760 
271.042 
271.089 
271.099 
271.065 
271.045 
271.083 
271.116 
271.131 
271.064 
271.046 
271.009 
271.016 
271.016 
271.024 
271.014 
271.024 
343.275 
343.314 
271.079 
322.119 
324.952 
326.165 
317.482 
342.627 
343.887 
316.776 
320.984 
271.250 
271.234 
271.253 
271.184 
271.184 
271.149 
271.129 
271.182 
271.153 
276.543 
276.548 
276.607 
319.790 
326.948 
271.202 
271.217 
271.338 
271.518 
271.269 
271.254 
271.334 
271.843 
272.908 
272.715 
271.220 
271.273 
271.213 
271.172 
271.211 
290.463 
290.473 
290.513 
271.165 
271.171 
271.184 
271.176 
271.211 
290.457 
271.185 
271.172 
271.226 
271.176 
271.171 
271.213 
271.146 
271.161 
271.101 
271.223 
271.218 
271.209 
271.203 
271.149 
271.165 
271.180 
271.133 
271.119 
271.142 
271.138 
271.153 
271.200 
271.220 
271.196 
271.192 
271.297 
271.291 
272.104 
280.822 
271.198 
271.317 
271.899 
271.675 
321.681 
271.244 
271.380 
271.322 
271.283 
271.297 
271.284 
271.273 
271.289 
271.389 
271.312 
271.544 
271.286 
271.287 
271.339 
271.298 
271.341 
297.139 
297.733 
297.798 
297.824 
297.790 
297.748 
287.221 
287.226 
297.680 
290.545 
297.638 
271.206 
271.177 
271.171 
271.185 
271.170 
271.226 
271.203 
271.240 
271.160 
271.131 
271.150 
271.178 
271.192 
271.162 
271.166 
271.250 
271.178 
271.169 
271.169 
271.249 
271.209 
271.181 
271.164 
271.170 
271.164 
271.189 
271.133 
271.154 
271.158 
271.166 
271.127 
271.122 
271.169 
271.183 
271.205 
271.154 
271.156 
271.221 
271.186 
271.236 
271.153 
271.192 
271.184 
271.163 
271.132 
271.168 
271.148 
271.191 
271.145 
271.195 
312.434 
312.395 
312.441 
312.424 
271.212 
271.133 
271.140 
271.213 
271.186 
271.210 
271.317 
272.400 
271.574 
271.241 
271.481 
271.526 
271.277 
271.259 
271.205 
271.219 
271.223 
271.230 
271.204 
271.162 
271.200 
271.202 
271.192 
271.167 
263.938 
263.950 
263.950 
263.999 
263.997 
271.236 
271.370 
290.636 
271.214 
271.274 
271.745 
271.651 
271.419 
297.680 
297.687 
287.174 
287.159 
297.650 
297.651 
290.533 
290.512 
290.508 
290.485 
290.533 
290.504 
290.486 
271.257 
271.165 
271.186 
271.233 
271.455 
287.201 
287.514 
287.174 
342.601 
341.041 
307.760 
287.158 
297.632 
322.218 
301.668 
291.547 
300.399 
297.611 
297.590 
297.581 
297.611 
297.621 
297.620 
290.532 
290.475 
297.630 
290.469 
271.177 
290.620 
290.642 
290.583 
290.532 
296.977 
290.673 
290.573 
341.486 
271.289 
271.274 
271.254 
271.248 
271.243 
271.217 
271.265 
271.199 
271.188 
290.530 
290.531 
290.529 
290.533 
290.598 
271.220 
271.256 
271.183 
271.237 
271.201 
271.190 
297.662 
297.638 
287.235 
290.494 
271.217 
271.237 
271.177 
271.172 
271.218 
271.163 
271.213 
271.170 
271.165 
271.123 
271.147 
296.620 
296.594 
377.807 
296.607 
296.661 
296.618 
296.653 
296.661 
271.208 
271.164 
271.222 
271.154 
271.191 
271.200 
271.166 
271.208 
271.162 
271.202 
271.150 
271.194 
271.189 
271.140 
271.243 
271.175 
271.184 
271.131 
271.122 
271.160 
271.241 
271.158 
271.162 
271.134 
271.154 
271.177 
271.204 
271.146 
271.172 
271.183 
271.164 
271.181 
271.160 
271.187 
271.150 
271.159 
271.158 
271.204 
271.156 
271.148 
271.129 
271.145 
271.242 
271.248 
271.193 
271.235 
341.908 
321.831 
308.050 
272.675 
297.004 
271.217 
271.187 
271.211 
271.148 
271.141 
271.145 
271.118 
271.132 
271.103 
271.099 
271.171 
271.121 
271.853 
271.865 
271.899 
271.942 
317.932 
324.294 
327.079 
319.051 
271.909 
292.482 
271.888 
271.897 
271.808 
271.820 
271.831 
271.793 
271.792 
271.860 
271.779 
271.773 
271.777 
