63.932 
43.520 
41.718 
41.180 
42.825 
43.558 
42.496 
43.644 
44.822 
43.488 
43.641 
44.434 
47.417 
52.299 
47.750 
215.938 
140.796 
145.152 
84.395 
137.850 
368.632 
132.510 
121.570 
44.465 
41.654 
41.549 
50.743 
43.431 
41.584 
42.605 
41.532 
49.357 
42.150 
44.490 
44.662 
46.519 
50.511 
42.969 
46.597 
123.308 
45.597 
123.841 
104.354 
109.290 
112.543 
257.995 
82.512 
114.768 
49.276 
43.561 
41.943 
43.213 
41.607 
49.650 
41.016 
43.119 
41.977 
41.727 
41.881 
42.916 
44.582 
46.866 
96.906 
165.715 
153.363 
136.601 
68.716 
108.501 
91.107 
114.448 
146.969 
47.830 
42.651 
80.794 
51.204 
43.776 
41.025 
44.778 
41.608 
46.588 
44.328 
42.186 
42.738 
48.084 
47.831 
169.671 
105.643 
78.275 
148.268 
104.322 
236.271 
48.388 
104.657 
41.665 
41.968 
46.042 
55.934 
41.268 
41.152 
44.644 
46.910 
50.274 
60.968 
53.514 
46.678 
46.109 
52.618 
46.007 
48.199 
68.970 
190.434 
78.980 
46.835 
113.450 
58.799 
97.843 
51.057 
104.074 
45.705 
45.859 
46.219 
46.965 
49.982 
47.067 
41.913 
41.672 
42.365 
48.932 
42.962 
49.193 
41.314 
45.121 
115.296 
155.848 
185.940 
348.295 
125.107 
105.849 
81.917 
153.054 
41.600 
41.673 
41.920 
42.175 
48.873 
41.152 
41.443 
43.540 
42.654 
46.320 
45.087 
41.674 
41.977 
44.526 
41.271 
175.578 
227.966 
103.164 
158.853 
62.661 
99.203 
124.109 
214.132 
195.249 
181.328 
85.087 
42.126 
101.237 
41.495 
41.307 
41.239 
41.766 
42.026 
41.942 
44.310 
44.900 
41.760 
45.889 
47.039 
728.804 
72.538 
131.289 
106.031 
138.551 
42.190 
144.629 
49.540 
51.230 
42.063 
41.726 
43.927 
41.607 
48.790 
41.885 
46.287 
44.738 
45.267 
56.243 
46.906 
48.807 
44.543 
45.898 
63.304 
154.427 
86.315 
143.732 
74.734 
75.998 
92.998 
183.721 
114.855 
87.040 
97.824 
49.051 
48.020 
45.907 
45.502 
47.071 
48.336 
45.419 
46.701 
46.988 
44.710 
45.843 
44.975 
126.237 
73.545 
84.866 
216.157 
83.313 
77.553 
96.695 
71.219 
87.903 
98.289 
125.539 
78.745 
116.534 
65.937 
78.745 
50.388 
45.627 
44.462 
47.679 
46.903 
44.694 
45.936 
45.878 
51.179 
117.748 
138.514 
126.561 
131.737 
81.555 
85.696 
148.982 
240.167 
50.147 
89.527 
50.906 
91.897 
48.635 
53.912 
213.288 
45.523 
52.718 
42.520 
41.908 
45.476 
46.350 
51.921 
157.743 
230.309 
109.687 
70.782 
71.969 
106.074 
317.404 
113.247 
111.771 
85.889 
45.071 
46.599 
46.100 
45.673 
55.739 
45.144 
47.126 
45.491 
44.306 
48.620 
45.264 
45.998 
45.425 
51.960 
92.587 
75.403 
80.312 
67.468 
93.081 
75.060 
116.466 
120.612 
114.219 
46.835 
47.545 
44.979 
47.030 
46.573 
45.313 
48.641 
45.363 
48.298 
47.226 
44.139 
46.287 
45.193 
44.775 
65.380 
103.687 
155.143 
103.844 
72.943 
120.905 
121.819 
66.919 
134.929 
46.565 
48.395 
45.709 
44.647 
43.916 
47.445 
46.848 
46.126 
45.891 
44.371 
44.990 
44.553 
45.832 
48.348 
305.911 
138.022 
213.224 
143.323 
158.702 
109.123 
164.398 
122.570 
113.344 
44.661 
44.653 
45.688 
45.836 
73.167 
46.963 
44.291 
44.486 
44.920 
46.556 
45.458 
45.000 
43.909 
44.405 
45.881 
164.993 
70.659 
158.203 
100.794 
131.761 
82.654 
102.343 
148.450 
65.707 
49.151 
44.273 
46.309 
46.459 
45.818 
44.455 
46.990 
46.047 
44.517 
47.069 
46.774 
44.656 
49.895 
46.738 
87.171 
49.667 
245.492 
82.402 
56.789 
73.836 
64.127 
61.311 
89.877 
88.843 
96.541 
45.484 
46.981 
46.839 
43.769 
47.458 
45.868 
46.346 
45.379 
45.095 
47.301 
46.156 
45.600 
87.100 
64.898 
52.078 
75.471 
83.383 
