155.066 
155.265 
155.331 
155.347 
155.256 
155.065 
154.994 
154.847 
154.593 
155.487 
155.275 
155.913 
155.313 
154.831 
155.229 
154.889 
154.844 
154.828 
154.884 
154.820 
154.844 
154.988 
154.903 
154.862 
154.975 
155.064 
154.806 
154.827 
155.128 
155.244 
154.811 
155.128 
155.100 
154.854 
154.986 
155.569 
155.184 
155.341 
154.850 
155.057 
154.896 
154.938 
154.948 
155.136 
154.967 
155.288 
154.887 
155.305 
154.803 
154.827 
155.180 
154.790 
154.800 
154.842 
154.777 
154.870 
154.810 
154.924 
154.793 
154.831 
154.917 
154.824 
154.855 
155.030 
155.021 
155.128 
154.813 
155.018 
155.371 
155.235 
154.895 
155.177 
154.953 
155.035 
155.115 
154.994 
154.874 
154.810 
154.976 
154.976 
154.812 
155.199 
155.287 
154.884 
154.835 
155.018 
154.955 
155.295 
155.090 
154.867 
154.838 
154.816 
154.843 
154.859 
154.811 
154.866 
155.056 
154.947 
155.278 
154.841 
155.170 
154.856 
154.798 
154.883 
154.901 
154.892 
155.031 
154.896 
155.303 
155.163 
154.925 
155.011 
154.907 
154.830 
154.800 
154.879 
155.104 
154.876 
155.099 
155.242 
154.979 
154.877 
154.859 
155.472 
154.970 
155.187 
154.780 
154.806 
154.867 
154.927 
155.396 
155.102 
155.170 
154.870 
155.730 
154.810 
154.757 
154.797 
154.994 
163.931 
163.657 
163.839 
163.719 
164.321 
164.041 
163.782 
164.372 
155.169 
155.669 
155.328 
156.021 
155.834 
155.728 
154.870 
156.120 
156.288 
155.822 
156.754 
155.934 
155.037 
155.795 
154.822 
155.178 
154.958 
154.931 
155.397 
154.798 
154.737 
154.768 
154.813 
154.791 
154.753 
155.103 
155.496 
156.668 
156.077 
155.547 
154.946 
154.815 
156.000 
154.815 
154.836 
154.933 
154.799 
154.828 
154.826 
156.114 
156.010 
155.902 
156.543 
156.340 
156.956 
157.641 
156.024 
156.172 
154.873 
154.886 
156.196 
156.762 
155.814 
155.333 
155.499 
154.997 
154.809 
155.190 
154.917 
154.870 
155.257 
155.296 
154.785 
155.414 
155.156 
155.390 
155.155 
155.121 
155.594 
155.719 
155.377 
154.985 
155.854 
154.994 
155.201 
155.095 
155.147 
155.406 
156.242 
155.086 
155.832 
155.255 
155.068 
155.221 
155.157 
154.955 
154.800 
156.032 
154.919 
155.478 
155.354 
155.297 
154.923 
155.383 
155.032 
155.038 
155.217 
154.941 
155.029 
155.004 
155.411 
159.452 
155.007 
155.063 
155.464 
155.008 
156.211 
154.853 
155.446 
155.906 
155.480 
155.327 
155.328 
155.266 
155.028 
154.808 
155.239 
154.899 
154.972 
155.306 
155.040 
155.633 
155.285 
155.752 
155.384 
156.141 
156.334 
155.216 
155.138 
155.768 
155.430 
154.921 
155.144 
155.375 
154.825 
155.228 
155.610 
154.815 
155.224 
155.009 
155.276 
155.192 
155.696 
155.077 
155.123 
155.485 
155.047 
155.139 
156.541 
158.213 
156.740 
155.351 
155.711 
156.126 
155.434 
156.386 
155.912 
154.897 
154.977 
155.554 
155.843 
156.467 
155.269 
157.768 
156.368 
156.539 
155.844 
155.944 
156.016 
156.390 
155.078 
155.087 
154.806 
154.843 
154.794 
154.998 
155.171 
154.790 
154.832 
154.991 
154.846 
154.998 
154.956 
155.280 
155.803 
154.872 
155.149 
155.035 
154.842 
154.912 
154.908 
154.843 
154.771 
155.139 
